# Created by Octave 5.2.0, Thu Sep 14 20:09:46 2023 EEST <spaceman@spaceman-Legion-Y540-15IRH>
# name: relative_map
# type: matrix
# rows: 50
# columns: 2
 -31.383106419584454 -31.132216369677028
 37.972363814361358 -21.223286553211935
 9.2832991699882559 -42.889960622550198
 -22.172447678821722 -27.484768908320021
 -1.2442794280728637 57.861845508320975
 36.730787887766688 -24.321645268766925
 -19.290405628333481 53.894756641692922
 -39.990684629567163 10.793986331101982
 18.155344843304029 -41.674720823273461
 -43.734942826544525 21.849062211593807
 14.807652507392339 0.35086851412954029
 17.548423661780706 20.761780641513965
 -39.607736843182842 -23.904944700906377
 26.51248743031006 -35.525239141335135
 34.34862606773504 -21.893508325695834
 7.3062186535550442 32.465168536652513
 18.641260173527865 10.474269439910234
 6.1629660470241738 -37.114895372644241
 -0.38335880887520946 6.8427559431170497
 -60.890399936238033 -20.764502586177382
 -39.435337643801475 12.026200027889544
 25.694063307451081 -47.750996240968426
 -17.723014582972279 -32.595264675273228
 -18.8630454979258 -0.96828624024291066
 1.4984888342044762 -28.603927052505274
 25.523443497764802 44.100773655399152
 -10.590836720665688 49.662788277552352
 6.9181221778977839 -2.2485343345027293
 -37.476330833119988 21.357910912946771
 -8.1632098249847242 3.8498944478687469
 -5.8792302493251327 9.3422733760017227
 23.55009044040056 15.529145180577139
 35.619414997231303 13.702214375458533
 46.018764999065908 40.264580921411039
 -33.923601390441682 31.28373068548041
 -41.9740248299413 15.696807783745848
 -40.606686916353958 23.262862853960467
 -14.189946080606195 -35.224602491327005
 35.385270242303221 4.3593037105172723
 25.487350223436287 20.744923276907851
 16.184059759910539 -24.381969834837239
 49.146789369210509 35.416657780395944
 2.2561070299032724 0.33032103201191398
 14.398747143367187 -23.323448775177898
 20.895665273305088 1.7779111429082128
 -29.307887305715994 -7.0895889578938078
 -32.661684179815225 -16.415268361380445
 48.21731856764179 16.631524361590582
 -14.196100289798013 -21.616497005375894
 -0.57482757515166105 -6.4862449286130532


# name: all_nodes
# type: scalar struct
# ndims: 2
 1 1
# length: 6
# name: square_L
# type: scalar
100


# name: nodes_n
# type: scalar
50


# name: anchors_n
# type: scalar
3


# name: true
# type: matrix
# rows: 50
# columns: 2
 38.366622872276274 3.5624007885556237
 99.325899672937794 38.097492392672031
 80.51603966038175 7.4649585178744804
 45.611272586945987 10.319298794949976
 33.961928173591424 97.412007980448919
 99.300511120549345 34.759529518474444
 18.610106593946202 87.135546942345357
 15.052896368620921 39.458439268828478
 88.337168149439222 11.824084164778219
 7.5326185159436161 48.385473975576723
 69.885178409120059 49.731917948673647
 64.98894951480689 69.736707789878679
 28.074770292990266 7.2964171856708377
 93.864135817769508 20.611764940415238
 96.196487514927739 36.151069191872658
 51.182004473908236 76.896147673174141
 69.760457578165514 60.556793328203852
 75.507850955155234 11.692871475807024
 53.372227190043517 50.232999037889201
 7.1193536838661515 2.4711422686183804
 15.120323233573069 40.80841280404465
 97.570192549905528 8.9245112963661377
 51.618899777154439 7.184602904779795
 39.016513428872109 36.216498066913289
 68.059142257942142 17.915277175202942
 63.887763627705688 94.369058896891474
 28.244565441866314 86.376358588793707
 63.487955164308794 44.432553608420648
 13.539097240993364 50.212062963934031
 47.220700006941335 44.607309203411866
 47.343050820370841 50.554742349208503
 72.486396531070568 67.054730549812234
 84.385530670644101 69.753574348851444
 84.375565021077009 98.280021531718688
 13.224955861527881 60.750471866629994
 11.417175147439334 43.299699073934157
 9.929360924110469 50.843432480097547
 55.867926639525123 6.0257151727682574
 87.581829600441395 60.973386727535406
 72.386858073588257 72.618094915500393
 80.19192444910469 27.205423447051551
 89.055044384927243 94.905906075174499
 58.206212735683657 45.13246044672227
 78.143397232303187 27.53951512671426
 75.032852205203042 53.282284266052237
 31.52526524917571 26.705401163113677
 31.805632437266279 16.798378383549899
 95.050558719435131 77.082151520698233
 50.896493657542351 18.693992331557414
 58.05781040192214 37.752479688327384


# name: estimated
# type: matrix
# rows: 50
# columns: 2
 38.503564124752302 3.7350003191921228
 99.336566345078708 37.958050160470009
 80.250930152632392 7.5623517804534384
 0 0
 0 0
 0 0
 0 0
 0 0
 0 0
 0 0
 0 0
 0 0
 0 0
 0 0
 0 0
 0 0
 0 0
 0 0
 0 0
 0 0
 0 0
 0 0
 0 0
 0 0
 0 0
 0 0
 0 0
 0 0
 0 0
 0 0
 0 0
 0 0
 0 0
 0 0
 0 0
 0 0
 0 0
 0 0
 0 0
 0 0
 0 0
 0 0
 0 0
 0 0
 0 0
 0 0
 0 0
 0 0
 0 0
 0 0


# name: anc_flag
# type: matrix
# rows: 50
# columns: 1
 1
 1
 1
 0
 0
 0
 0
 0
 0
 0
 0
 0
 0
 0
 0
 0
 0
 0
 0
 0
 0
 0
 0
 0
 0
 0
 0
 0
 0
 0
 0
 0
 0
 0
 0
 0
 0
 0
 0
 0
 0
 0
 0
 0
 0
 0
 0
 0
 0
 0




# name: absolute_map
# type: matrix
# rows: 50
# columns: 2
 37.735310095626609 5.0439466598856484
 98.079586440791118 39.685262604532426
 83.017179657376431 6.0580281464857322
 44.435487533136353 12.205534079498904
 16.238041367232746 113.12505655129594
 98.645241838553545 35.85651847521892
 1.3191754310728498 102.58590094710044
 5.9284649979874686 48.150335137753551
 90.765984806280471 10.431915805959171
 -3.8600833537200359 59.011494697408295
 63.903068760189697 55.449169236297202
 55.007198852542359 78.808802522563283
 25.844718303321716 10.165687382449981
 95.244976726786405 20.049560357462578
 95.012599225273433 37.707787867502951
 38.676533077174739 88.15634514495801
 61.842855082118831 67.882588689880919
 76.796912984745802 11.332957136315287
 45.804764696777291 57.376886024814667
 3.844304168040928 6.3253339127597314
 5.7620350696810618 49.694113368308379
 101.3559978458259 6.3395643881850461
 51.544694260456453 8.1158787366406671
 32.639765156173823 42.466744171481096
 67.567184146392435 19.084277975920276
 49.436968858203493 107.17776190566744
 11.973433053200338 100.91710118149132
 57.86817235926064 49.891361803593249
 2.3659703905909737 60.61576796398451
 40.095833997044124 51.424444030059782
 39.172076662754669 58.240012490736277
 63.660748277964544 75.116673408150419
 76.163025433082467 77.243998176796993
 71.080996539736645 109.98416095102851
 0.15009353187525676 72.73593952665513
 1.2804926474733662 52.856587433722872
 -1.683083749658806 61.636050815746039
 56.384736535597376 6.4378207701196288
 81.205016867376813 66.900865394724562
 62.563266403529553 81.509640038755222
 79.147966467986976 28.752293908083768
 76.786146225110045 105.73030656085277
 51.983424233186291 51.127263209503788
 76.854429794699485 29.303519296622309
 68.886086414940223 59.102089634923402
 26.160373994345786 32.164944788878216
 28.227183328261596 20.772152133944889
 86.48770091472835 84.776978977575794
 48.710960643626954 21.383842003276428
 53.13341404639425 42.669760874047498


