# Created by Octave 5.2.0, Sat Jun 25 17:39:17 2022 EEST <spaceman@spaceman-Legion-Y540-15IRH>
# name: all_nodes
# type: scalar struct
# ndims: 2
 1 1
# length: 6
# name: square_L
# type: scalar
1000


# name: nodes_n
# type: scalar
100


# name: anchors_n
# type: scalar
10


# name: true
# type: matrix
# rows: 100
# columns: 2
 669.21214226322695 933.14701468822216
 342.19970355088685 791.99746822681595
 736.30398742289321 350.34878468497737
 112.25711513034358 525.05458497132349
 394.17882600705985 516.28337563415641
 549.23035091318059 837.53975256314936
 783.39063192575384 309.90353406681942
 371.12316502158944 889.30552022202505
 246.69464826751135 974.56507916806618
 870.32170068651408 654.44435541074961
 939.57197078505669 596.72943556702171
 655.10114630631278 155.64536058916738
 442.22110422052737 971.74951070610882
 435.667878742178 269.02991846490318
 443.98381789388827 254.09204790976054
 478.65621603444134 825.64258511809737
 995.33364844493076 541.95308529400961
 781.03083783489103 220.60061215052301
 650.4458129418656 738.51198802935403
 922.0656969997541 71.638157960983762
 469.10618595525381 258.44206669492604
 816.87611942966453 833.4949452088897
 357.07662610803175 33.645436612698404
 364.07557437541857 78.970794469948856
 615.47646506659021 32.305782075268169
 729.2051297560987 538.91942664389819
 57.653902912965165 255.42330735239065
 460.61259990319195 874.54053906780734
 431.17793644727084 973.74469551346249
 394.36771088291516 848.36300448049303
 534.38932491292996 791.66665490380365
 68.76332677724821 847.07764515815893
 891.37686914010658 363.95720799072336
 343.79815502785942 974.27405573209933
 442.46040170535969 796.20968603982556
 315.24885965304333 757.85051976767841
 133.91066312930982 316.49704370711436
 450.37489760972755 490.05906263867712
 37.700974542498251 226.31269270230408
 276.30879162964919 192.43558612607166
 600.13804467354851 493.76458443257616
 508.2926224123625 487.81490075699958
 440.43551949249934 493.38997658517684
 473.98121810803491 333.45903397884854
 10.117415889309189 156.07538098809397
 852.80962822929689 131.62656111713738
 498.64503774864971 76.11648184210533
 54.878216628281116 463.19178303772298
 16.846861824524151 605.17444327069347
 27.815978287144482 32.699236380670555
 76.600289140282314 339.12960911374893
 600.91982708154137 954.38630513630494
 330.75337359434161 580.04523314236724
 115.23754017311531 108.29512049417494
 596.56973316176243 505.70971750231973
 786.3486730420118 504.78707388513499
 115.8285849553106 77.536196970619457
 72.451802979223643 349.73553081153733
 568.39564757885023 381.17890845204732
 428.04126170860849 618.40159876011103
 663.89040374141132 853.16025091680251
 581.95348655690327 21.535626728173597
 652.4834983955584 968.48180464247491
 985.68404824533343 812.16516133496316
 900.41225505236548 473.14719215403329
 740.54364715409986 721.16424032444922
 699.39100567217747 151.52800166528885
 15.69014859037825 572.4035135558679
 897.05304398356168 726.1937423829188
 781.97751627458138 521.47746819067845
 111.25267115615871 638.55651124122107
 138.60692091137233 439.12300420743895
 439.86034484637599 760.4361654632321
 95.978570578788378 997.02876581878456
 539.88314670510351 729.63569682644606
 462.47276643311415 196.91102671283463
 258.42828407333934 590.16273025821374
 511.84063895837903 516.37113031566139
 481.82212114541773 183.11385147740739
 850.76383650105095 774.73560942242068
 710.68296024803954 248.75058425504787
 304.21177083529591 849.41169297761064
 141.74717978393164 758.62496044089744
 910.61987696141966 49.787483665592646
 49.778219349693217 879.6494936199656
 383.24128480238767 763.78274828215251
 102.54730576970321 968.53623765581438
 995.84850658248104 399.02478851497762
 770.35612722848316 284.63600787794036
 231.01707655682475 221.97399425666202
 500.92868254310343 507.11283133957886
 968.28766002116151 327.51415528571619
 195.99572868086517 464.08712872889197
 609.65170065950804 543.58767709186282
 832.8970012562138 245.07237542330478
 727.18866732887909 346.12349660961809
 707.90507467802104 790.60538096585924
 753.43935748234287 61.930298187192022
 527.33889983880772 289.1010474113624
 348.84592491674221 303.11003728911049


# name: estimated
# type: matrix
# rows: 100
# columns: 2
 682.16261476448472 934.12755996747751
 300.95131405257627 813.04044524481753
 728.62267482216328 379.93641723374543
 109.44613956043405 504.8820970668458
 391.58518203853265 517.25340673966707
 565.7076632178256 822.83837513374033
 774.13332650975701 268.05163448716053
 370.80821472907593 901.6918258826073
 286.47091760570987 991.68732851049981
 885.45905719041116 670.08621704182178
 0 0
 0 0
 0 0
 0 0
 0 0
 0 0
 0 0
 0 0
 0 0
 0 0
 0 0
 0 0
 0 0
 0 0
 0 0
 0 0
 0 0
 0 0
 0 0
 0 0
 0 0
 0 0
 0 0
 0 0
 0 0
 0 0
 0 0
 0 0
 0 0
 0 0
 0 0
 0 0
 0 0
 0 0
 0 0
 0 0
 0 0
 0 0
 0 0
 0 0
 0 0
 0 0
 0 0
 0 0
 0 0
 0 0
 0 0
 0 0
 0 0
 0 0
 0 0
 0 0
 0 0
 0 0
 0 0
 0 0
 0 0
 0 0
 0 0
 0 0
 0 0
 0 0
 0 0
 0 0
 0 0
 0 0
 0 0
 0 0
 0 0
 0 0
 0 0
 0 0
 0 0
 0 0
 0 0
 0 0
 0 0
 0 0
 0 0
 0 0
 0 0
 0 0
 0 0
 0 0
 0 0
 0 0
 0 0
 0 0
 0 0
 0 0


# name: anc_flag
# type: matrix
# rows: 100
# columns: 1
 1
 1
 1
 1
 1
 1
 1
 1
 1
 1
 0
 0
 0
 0
 0
 0
 0
 0
 0
 0
 0
 0
 0
 0
 0
 0
 0
 0
 0
 0
 0
 0
 0
 0
 0
 0
 0
 0
 0
 0
 0
 0
 0
 0
 0
 0
 0
 0
 0
 0
 0
 0
 0
 0
 0
 0
 0
 0
 0
 0
 0
 0
 0
 0
 0
 0
 0
 0
 0
 0
 0
 0
 0
 0
 0
 0
 0
 0
 0
 0
 0
 0
 0
 0
 0
 0
 0
 0
 0
 0
 0
 0
 0
 0
 0
 0
 0
 0
 0
 0




