# Created by Octave 5.2.0, Thu May 25 17:40:46 2023 EEST <spaceman@spaceman-Legion-Y540-15IRH>
# name: all_nodes
# type: scalar struct
# ndims: 2
 1 1
# length: 6
# name: square_L
# type: scalar
100


# name: nodes_n
# type: scalar
50


# name: anchors_n
# type: scalar
10


# name: true
# type: matrix
# rows: 50
# columns: 2
 34.126795262884428 77.494691992699742
 47.579319963643322 75.367229112291497
 16.174453886137258 56.499374008990877
 92.339988734684468 99.618927974500195
 53.458697064796311 11.278956267872635
 20.947523230797266 37.809432748459564
 9.9899551821339845 37.524907979274133
 22.165433666148378 20.236326339922712
 10.715223121306455 66.737341590339241
 86.253522107958275 78.019695697889816
 61.347566754375073 85.584914397780238
 14.702864560928768 9.4539909070437016
 61.410322131051423 91.517273555195928
 10.189026416843475 90.303346213047803
 70.539212621935818 32.716057714814198
 66.213360233953338 40.220155524312091
 28.564314424521282 39.858496936944228
 98.226634781176713 63.365607225959472
 32.872453626004599 1.601608403423076
 83.377316609491615 89.01602550761632
 27.84237876855768 89.275314994992854
 3.27298323722041 36.667617819796369
 39.096827319270346 90.543945999480329
 45.870291922655845 67.903546861439423
 66.487004902658171 23.448151366187226
 89.130932108442067 45.479449988504086
 3.1787755388110668 55.224725093259899
 61.03406040482443 37.841140661009426
 97.262777710542267 13.837306360878248
 91.53639391096128 75.965573646296207
 22.912931375694427 95.5022804166003
 74.573241507881789 5.0893583575592194
 63.319185619412899 71.018214936281794
 80.25837766769753 26.101880055634837
 93.708277768193867 10.077648289951039
 82.932616173640312 70.219447830297028
 32.616904353284376 68.272799424551337
 62.109795611538701 35.381826548855003
 0.21907332110927988 45.0700669919961
 21.8035953151177 67.382474374374908
 11.126210591178058 47.890649790685295
 59.110529916626575 22.280727224424595
 89.97023590221211 90.975319812586164
 92.659786702177655 11.342279769692713
 87.278197963321162 56.664666131400942
 99.105430677069265 6.1516040564477725
 31.10637975801685 79.743946509450623
 14.935952852164785 35.537408061470359
 80.64966594333697 47.077649669027252
 9.5727202605111295 74.418841315824835


# name: estimated
# type: matrix
# rows: 50
# columns: 2
 34.114188423782551 77.531362525391657
 47.559861575143799 75.39362633840733
 16.201146542908202 56.498271706088609
 92.342714419644722 99.709295610221091
 53.502966480240005 11.307138962040213
 20.993872041111604 37.837998570037286
 9.9498146463377193 37.52704629675582
 22.109514619344957 20.239892515595962
 10.636542907531055 66.758372328962281
 86.289170883990181 78.061063496730213
 0 0
 0 0
 0 0
 0 0
 0 0
 0 0
 0 0
 0 0
 0 0
 0 0
 0 0
 0 0
 0 0
 0 0
 0 0
 0 0
 0 0
 0 0
 0 0
 0 0
 0 0
 0 0
 0 0
 0 0
 0 0
 0 0
 0 0
 0 0
 0 0
 0 0
 0 0
 0 0
 0 0
 0 0
 0 0
 0 0
 0 0
 0 0
 0 0
 0 0


# name: anc_flag
# type: matrix
# rows: 50
# columns: 1
 1
 1
 1
 1
 1
 1
 1
 1
 1
 1
 0
 0
 0
 0
 0
 0
 0
 0
 0
 0
 0
 0
 0
 0
 0
 0
 0
 0
 0
 0
 0
 0
 0
 0
 0
 0
 0
 0
 0
 0
 0
 0
 0
 0
 0
 0
 0
 0
 0
 0




