# Created by Octave 5.2.0, Thu Sep 14 20:09:38 2023 EEST <spaceman@spaceman-Legion-Y540-15IRH>
# name: all_nodes
# type: scalar struct
# ndims: 2
 1 1
# length: 6
# name: square_L
# type: scalar
100


# name: nodes_n
# type: scalar
50


# name: anchors_n
# type: scalar
3


# name: true
# type: matrix
# rows: 50
# columns: 2
 38.366622872276274 3.5624007885556237
 99.325899672937794 38.097492392672031
 80.51603966038175 7.4649585178744804
 45.611272586945987 10.319298794949976
 33.961928173591424 97.412007980448919
 99.300511120549345 34.759529518474444
 18.610106593946202 87.135546942345357
 15.052896368620921 39.458439268828478
 88.337168149439222 11.824084164778219
 7.5326185159436161 48.385473975576723
 69.885178409120059 49.731917948673647
 64.98894951480689 69.736707789878679
 28.074770292990266 7.2964171856708377
 93.864135817769508 20.611764940415238
 96.196487514927739 36.151069191872658
 51.182004473908236 76.896147673174141
 69.760457578165514 60.556793328203852
 75.507850955155234 11.692871475807024
 53.372227190043517 50.232999037889201
 7.1193536838661515 2.4711422686183804
 15.120323233573069 40.80841280404465
 97.570192549905528 8.9245112963661377
 51.618899777154439 7.184602904779795
 39.016513428872109 36.216498066913289
 68.059142257942142 17.915277175202942
 63.887763627705688 94.369058896891474
 28.244565441866314 86.376358588793707
 63.487955164308794 44.432553608420648
 13.539097240993364 50.212062963934031
 47.220700006941335 44.607309203411866
 47.343050820370841 50.554742349208503
 72.486396531070568 67.054730549812234
 84.385530670644101 69.753574348851444
 84.375565021077009 98.280021531718688
 13.224955861527881 60.750471866629994
 11.417175147439334 43.299699073934157
 9.929360924110469 50.843432480097547
 55.867926639525123 6.0257151727682574
 87.581829600441395 60.973386727535406
 72.386858073588257 72.618094915500393
 80.19192444910469 27.205423447051551
 89.055044384927243 94.905906075174499
 58.206212735683657 45.13246044672227
 78.143397232303187 27.53951512671426
 75.032852205203042 53.282284266052237
 31.52526524917571 26.705401163113677
 31.805632437266279 16.798378383549899
 95.050558719435131 77.082151520698233
 50.896493657542351 18.693992331557414
 58.05781040192214 37.752479688327384


# name: estimated
# type: matrix
# rows: 50
# columns: 2
 38.503564124752302 3.7350003191921228
 99.336566345078708 37.958050160470009
 80.250930152632392 7.5623517804534384
 0 0
 0 0
 0 0
 0 0
 0 0
 0 0
 0 0
 0 0
 0 0
 0 0
 0 0
 0 0
 0 0
 0 0
 0 0
 0 0
 0 0
 0 0
 0 0
 0 0
 0 0
 0 0
 0 0
 0 0
 0 0
 0 0
 0 0
 0 0
 0 0
 0 0
 0 0
 0 0
 0 0
 0 0
 0 0
 0 0
 0 0
 0 0
 0 0
 0 0
 0 0
 0 0
 0 0
 0 0
 0 0
 0 0
 0 0


# name: anc_flag
# type: matrix
# rows: 50
# columns: 1
 1
 1
 1
 0
 0
 0
 0
 0
 0
 0
 0
 0
 0
 0
 0
 0
 0
 0
 0
 0
 0
 0
 0
 0
 0
 0
 0
 0
 0
 0
 0
 0
 0
 0
 0
 0
 0
 0
 0
 0
 0
 0
 0
 0
 0
 0
 0
 0
 0
 0




