# Created by Octave 5.2.0, Mon Jun 26 22:42:50 2023 EEST <spaceman@spaceman-Legion-Y540-15IRH>
# name: all_nodes
# type: scalar struct
# ndims: 2
 1 1
# length: 6
# name: square_L
# type: scalar
100


# name: nodes_n
# type: scalar
50


# name: anchors_n
# type: scalar
3


# name: true
# type: matrix
# rows: 50
# columns: 2
 81.202851188513051 24.030549622880677
 62.191168264025144 18.109940650757387
 75.683803896806026 89.983000564833361
 49.257668459755926 97.179552180966667
 29.770994487120145 16.109010843148937
 70.41089213679254 71.79981969814051
 96.04462172501853 79.992074603116791
 48.665992381429298 32.214826270224236
 67.009459657010098 70.18356952979741
 40.039192821147282 74.700003232416705
 8.7194943658560664 0.12548243450879903
 57.973181357006041 90.189158890535055
 70.305664465615251 64.624085101671795
 65.969920335473759 15.800066390437589
 91.36953568412801 83.984532001623421
 44.682720228432423 72.778944586189226
 82.320466004129003 63.552335891710229
 27.221388347925206 27.893857459856434
 18.329961590196671 10.920652471880747
 87.807923636814948 53.839548044422635
 3.0226284670047443 60.773398963342871
 32.368992000250657 62.030989758916647
 71.363929106111996 1.7351223673774441
 66.844301666060645 96.262015381049352
 97.627679203076084 53.995079683408434
 13.094513987099971 56.536140944258527
 65.523550820732311 56.320327371771974
 26.270486242507801 0.42405483111809694
 49.450950481898886 2.0480515933638244
 63.440368431642199 19.155904016720875
 88.929076210187134 93.649388224504136
 69.642911819780977 84.922114145259755
 21.205594905284624 84.805185866461983
 1.1968501908469475 32.126639285932804
 75.835378551278922 16.312810538916882
 76.648251145712038 98.027021643944039
 84.088610960775654 41.546510894117233
 46.646969399174047 93.261720418302232
 23.789546697804305 51.3765417990681
 57.049903288339642 4.1838861655918924
 79.429269026340449 46.653584333462767
 28.26425761875581 50.729854280654997
 3.895149891178888 85.63083442333577
 96.740358904803841 86.517930532100792
 98.55385915795361 29.070763983673103
 98.050604169672894 51.578216614625347
 71.010176964794042 0.080708736990358076
 53.851322040721108 85.527786085161054
 70.282708620367941 76.181750663669874
 64.698953212767336 95.974198097481022


# name: estimated
# type: matrix
# rows: 50
# columns: 2
 81.035967447153951 23.831273131268514
 62.400754597727428 17.945076568333146
 75.655858372268426 89.846488094626253
 46.732284320124904 91.463450555363593
 31.323388448491798 12.976263642860635
 69.4692685530093 70.463794637784844
 94.744820942878391 79.75084018760225
 49.497575851334396 29.895206671801393
 66.140541615548571 68.704909942352288
 38.984639818059115 72.100799157171039
 10.782417755696905 -3.7170967865103015
 56.216637328069979 88.330095965158975
 69.689255891658291 63.270070092553432
 67.495403267315311 14.241705171567142
 89.891971569882827 83.556231052027769
 43.704850310429713 70.37390964783512
 81.747471570608212 62.688555165959869
 28.224826358712473 24.669276865062777
 20.093709908252841 7.2851050248096447
 87.650608027590508 53.183875706566916
 2.5851015151179761 56.635318142724188
 31.857895956753428 59.1064831818626
 73.509306196360839 0.42634177598671796
 64.819032833334219 94.7927969780539
 97.451012605051545 53.74979334038337
 12.829841887643019 52.804173747924814
 65.280042623224418 54.749562709181141
 28.463395418013398 -2.9946006331990231
 51.631660297644181 -0.21396333126048986
 64.828452062538375 17.483253283914426
 87.011906459855098 93.125846660257366
 68.107560108230203 83.563052996396976
 19.755612601677246 81.415949731246826
 1.9854714730615486 27.828949300222956
 77.302582953424718 15.174713631518959
 74.545252458811888 96.981496226961212
 84.459313328327838 40.727581632667771
 44.782851658338203 90.91860818059763
 23.737613404533363 48.07548431417954
 59.114336738498871 2.2547237144179939
 79.593317035614447 45.642074123962466
 28.23935118862541 47.611451395465835
 2.420685248971699 81.567340316122355
 95.14459635758503 86.315079474532141
 99.433522213022499 28.85586317989161
 97.984682750059449 51.340799430288968
 73.229776969690732 -1.2404484838502741
 52.307638574487662 83.499136278186711
 69.14205598956157 74.845653316782062
 62.691097505912872 94.413773143198895


# name: anc_flag
# type: matrix
# rows: 50
# columns: 1
 1
 1
 1
 2
 2
 2
 2
 2
 2
 2
 0
 2
 2
 2
 2
 2
 2
 2
 2
 2
 2
 2
 2
 2
 2
 2
 2
 0
 2
 2
 2
 2
 2
 2
 2
 2
 2
 2
 2
 2
 2
 2
 2
 2
 2
 2
 2
 2
 2
 2




# name: comm_r
# type: scalar
100


