# Created by Octave 5.2.0, Thu Sep 14 20:13:39 2023 EEST <spaceman@spaceman-Legion-Y540-15IRH>
# name: all_nodes
# type: scalar struct
# ndims: 2
 1 1
# length: 6
# name: square_L
# type: scalar
100


# name: nodes_n
# type: scalar
50


# name: anchors_n
# type: scalar
3


# name: true
# type: matrix
# rows: 50
# columns: 2
 38.366622872276274 3.5624007885556237
 99.325899672937794 38.097492392672031
 80.51603966038175 7.4649585178744804
 45.611272586945987 10.319298794949976
 33.961928173591424 97.412007980448919
 99.300511120549345 34.759529518474444
 18.610106593946202 87.135546942345357
 15.052896368620921 39.458439268828478
 88.337168149439222 11.824084164778219
 7.5326185159436161 48.385473975576723
 69.885178409120059 49.731917948673647
 64.98894951480689 69.736707789878679
 28.074770292990266 7.2964171856708377
 93.864135817769508 20.611764940415238
 96.196487514927739 36.151069191872658
 51.182004473908236 76.896147673174141
 69.760457578165514 60.556793328203852
 75.507850955155234 11.692871475807024
 53.372227190043517 50.232999037889201
 7.1193536838661515 2.4711422686183804
 15.120323233573069 40.80841280404465
 97.570192549905528 8.9245112963661377
 51.618899777154439 7.184602904779795
 39.016513428872109 36.216498066913289
 68.059142257942142 17.915277175202942
 63.887763627705688 94.369058896891474
 28.244565441866314 86.376358588793707
 63.487955164308794 44.432553608420648
 13.539097240993364 50.212062963934031
 47.220700006941335 44.607309203411866
 47.343050820370841 50.554742349208503
 72.486396531070568 67.054730549812234
 84.385530670644101 69.753574348851444
 84.375565021077009 98.280021531718688
 13.224955861527881 60.750471866629994
 11.417175147439334 43.299699073934157
 9.929360924110469 50.843432480097547
 55.867926639525123 6.0257151727682574
 87.581829600441395 60.973386727535406
 72.386858073588257 72.618094915500393
 80.19192444910469 27.205423447051551
 89.055044384927243 94.905906075174499
 58.206212735683657 45.13246044672227
 78.143397232303187 27.53951512671426
 75.032852205203042 53.282284266052237
 31.52526524917571 26.705401163113677
 31.805632437266279 16.798378383549899
 95.050558719435131 77.082151520698233
 50.896493657542351 18.693992331557414
 58.05781040192214 37.752479688327384


# name: estimated
# type: matrix
# rows: 50
# columns: 2
 38.503564124752302 3.7350003191921228
 99.336566345078708 37.958050160470009
 80.250930152632392 7.5623517804534384
 46.342090215384701 10.97565264082813
 34.398921561954111 97.853076263585493
 99.479175219540181 34.945074629367184
 18.999211572937252 87.63377035346295
 15.234798564347001 39.988337890211284
 88.417059623022325 12.046394554878638
 7.7551219146942945 48.940917866464524
 70.119032537620086 50.036135842276437
 65.309515938265392 70.054403187085953
 28.101268752616651 7.7766711670150093
 93.98399391609064 20.815816282485063
 96.380482758604501 36.349052663923324
 51.531233432286079 77.269241004479753
 70.041155540598723 60.85813425448486
 75.57959487724348 11.963809860842435
 53.60111913214012 50.604049133856122
 7.1279044906863991 3.0436473954527914
 15.308286233385648 41.337281686405959
 97.641348880557032 9.1108386583912768
 51.651307220004774 7.5575823692291362
 39.178511668442773 36.648760213815876
 68.153015103792825 18.218360298230508
 64.320505282783998 94.686047961064389
 28.629800188791712 86.841037177699107
 63.69581077748223 44.763208281451
 13.768694551472015 50.742305762028934
 47.422032724356768 45.004106696834363
 47.57179433997576 50.949711075568437
 72.796363270204964 67.342054241645116
 84.709823338464062 69.990895001621453
 84.834013921890715 98.517403168324378
 13.499436377772243 61.277655367095839
 11.616915399797177 43.842207760170844
 10.162129537916334 51.387931858471468
 55.897955895967954 6.3789712455474863
 87.866587126602582 61.200452110542003
 72.721716216739011 72.903663652836372
 80.335148489762105 27.464098181634039
 89.496578964485593 95.124232079346257
 58.414164603813362 45.484639486751483
 78.287039526274313 27.806313006428095
 75.283391870947938 53.564462558482028
 31.643819601302074 27.17175578978847
 31.877510187633739 17.26464949225883
 95.407064466454912 77.271087395060249
 50.980498141144274 19.072270421655723
 58.232559473611708 38.10437624764748


# name: anc_flag
# type: matrix
# rows: 50
# columns: 1
 1
 1
 1
 2
 2
 2
 2
 2
 2
 2
 2
 2
 2
 2
 2
 2
 2
 2
 2
 2
 2
 2
 2
 2
 2
 2
 2
 2
 2
 2
 2
 2
 2
 2
 2
 2
 2
 2
 2
 2
 2
 2
 2
 2
 2
 2
 2
 2
 2
 2




# name: comm_r
# type: scalar
100


