# Created by Octave 5.2.0, Thu May 25 17:40:46 2023 EEST <spaceman@spaceman-Legion-Y540-15IRH>
# name: neighbor_matrix
# type: matrix
# rows: 50
# columns: 50
 0 1 1 1 1 1 1 1 1 1 1 1 1 1 1 1 1 1 1 1 1 1 1 1 1 1 1 1 1 1 1 1 1 1 1 1 1 1 1 1 1 1 1 1 1 1 1 1 1 1
 1 0 1 1 1 1 1 1 1 1 1 1 1 1 1 1 1 1 1 1 1 1 1 1 1 1 1 1 1 1 1 1 1 1 1 1 1 1 1 1 1 1 1 1 1 1 1 1 1 1
 1 1 0 1 1 1 1 1 1 1 1 1 1 1 1 1 1 1 1 1 1 1 1 1 1 1 1 1 1 1 1 1 1 1 1 1 1 1 1 1 1 1 1 1 1 1 1 1 1 1
 1 1 1 0 1 1 0 0 1 1 1 0 1 1 1 1 1 1 0 1 1 0 1 1 1 1 1 1 1 1 1 1 1 1 1 1 1 1 0 1 1 1 1 1 1 1 1 0 1 1
 1 1 1 1 0 1 1 1 1 1 1 1 1 1 1 1 1 1 1 1 1 1 1 1 1 1 1 1 1 1 1 1 1 1 1 1 1 1 1 1 1 1 1 1 1 1 1 1 1 1
 1 1 1 1 1 0 1 1 1 1 1 1 1 1 1 1 1 1 1 1 1 1 1 1 1 1 1 1 1 1 1 1 1 1 1 1 1 1 1 1 1 1 1 1 1 1 1 1 1 1
 1 1 1 0 1 1 0 1 1 1 1 1 1 1 1 1 1 1 1 1 1 1 1 1 1 1 1 1 1 1 1 1 1 1 1 1 1 1 1 1 1 1 1 1 1 1 1 1 1 1
 1 1 1 0 1 1 1 0 1 1 1 1 1 1 1 1 1 1 1 1 1 1 1 1 1 1 1 1 1 1 1 1 1 1 1 1 1 1 1 1 1 1 1 1 1 1 1 1 1 1
 1 1 1 1 1 1 1 1 0 1 1 1 1 1 1 1 1 1 1 1 1 1 1 1 1 1 1 1 0 1 1 1 1 1 0 1 1 1 1 1 1 1 1 1 1 0 1 1 1 1
 1 1 1 1 1 1 1 1 1 0 1 1 1 1 1 1 1 1 1 1 1 1 1 1 1 1 1 1 1 1 1 1 1 1 1 1 1 1 1 1 1 1 1 1 1 1 1 1 1 1
 1 1 1 1 1 1 1 1 1 1 0 1 1 1 1 1 1 1 1 1 1 1 1 1 1 1 1 1 1 1 1 1 1 1 1 1 1 1 1 1 1 1 1 1 1 1 1 1 1 1
 1 1 1 0 1 1 1 1 1 1 1 0 1 1 1 1 1 1 1 0 1 1 1 1 1 1 1 1 1 0 1 1 1 1 1 1 1 1 1 1 1 1 0 1 1 1 1 1 1 1
 1 1 1 1 1 1 1 1 1 1 1 1 0 1 1 1 1 1 1 1 1 1 1 1 1 1 1 1 1 1 1 1 1 1 1 1 1 1 1 1 1 1 1 1 1 1 1 1 1 1
 1 1 1 1 1 1 1 1 1 1 1 1 1 0 1 1 1 1 1 1 1 1 1 1 1 1 1 1 0 1 1 0 1 1 0 1 1 1 1 1 1 1 1 0 1 0 1 1 1 1
 1 1 1 1 1 1 1 1 1 1 1 1 1 1 0 1 1 1 1 1 1 1 1 1 1 1 1 1 1 1 1 1 1 1 1 1 1 1 1 1 1 1 1 1 1 1 1 1 1 1
 1 1 1 1 1 1 1 1 1 1 1 1 1 1 1 0 1 1 1 1 1 1 1 1 1 1 1 1 1 1 1 1 1 1 1 1 1 1 1 1 1 1 1 1 1 1 1 1 1 1
 1 1 1 1 1 1 1 1 1 1 1 1 1 1 1 1 0 1 1 1 1 1 1 1 1 1 1 1 1 1 1 1 1 1 1 1 1 1 1 1 1 1 1 1 1 1 1 1 1 1
 1 1 1 1 1 1 1 1 1 1 1 1 1 1 1 1 1 0 1 1 1 1 1 1 1 1 1 1 1 1 1 1 1 1 1 1 1 1 1 1 1 1 1 1 1 1 1 1 1 1
 1 1 1 0 1 1 1 1 1 1 1 1 1 1 1 1 1 1 0 0 1 1 1 1 1 1 1 1 1 1 1 1 1 1 1 1 1 1 1 1 1 1 0 1 1 1 1 1 1 1
 1 1 1 1 1 1 1 1 1 1 1 0 1 1 1 1 1 1 0 0 1 1 1 1 1 1 1 1 1 1 1 1 1 1 1 1 1 1 1 1 1 1 1 1 1 1 1 1 1 1
 1 1 1 1 1 1 1 1 1 1 1 1 1 1 1 1 1 1 1 1 0 1 1 1 1 1 1 1 0 1 1 1 1 1 0 1 1 1 1 1 1 1 1 0 1 0 1 1 1 1
 1 1 1 0 1 1 1 1 1 1 1 1 1 1 1 1 1 1 1 1 1 0 1 1 1 1 1 1 1 1 1 1 1 1 1 1 1 1 1 1 1 1 0 1 1 0 1 1 1 1
 1 1 1 1 1 1 1 1 1 1 1 1 1 1 1 1 1 1 1 1 1 1 0 1 1 1 1 1 1 1 1 1 1 1 1 1 1 1 1 1 1 1 1 1 1 0 1 1 1 1
 1 1 1 1 1 1 1 1 1 1 1 1 1 1 1 1 1 1 1 1 1 1 1 0 1 1 1 1 1 1 1 1 1 1 1 1 1 1 1 1 1 1 1 1 1 1 1 1 1 1
 1 1 1 1 1 1 1 1 1 1 1 1 1 1 1 1 1 1 1 1 1 1 1 1 0 1 1 1 1 1 1 1 1 1 1 1 1 1 1 1 1 1 1 1 1 1 1 1 1 1
 1 1 1 1 1 1 1 1 1 1 1 1 1 1 1 1 1 1 1 1 1 1 1 1 1 0 1 1 1 1 1 1 1 1 1 1 1 1 1 1 1 1 1 1 1 1 1 1 1 1
 1 1 1 1 1 1 1 1 1 1 1 1 1 1 1 1 1 1 1 1 1 1 1 1 1 1 0 1 0 1 1 1 1 1 0 1 1 1 1 1 1 1 1 1 1 0 1 1 1 1
 1 1 1 1 1 1 1 1 1 1 1 1 1 1 1 1 1 1 1 1 1 1 1 1 1 1 1 0 1 1 1 1 1 1 1 1 1 1 1 1 1 1 1 1 1 1 1 1 1 1
 1 1 1 1 1 1 1 1 0 1 1 1 1 0 1 1 1 1 1 1 0 1 1 1 1 1 0 1 0 1 0 1 1 1 1 1 1 1 0 1 1 1 1 1 1 1 1 1 1 0
 1 1 1 1 1 1 1 1 1 1 1 0 1 1 1 1 1 1 1 1 1 1 1 1 1 1 1 1 1 0 1 1 1 1 1 1 1 1 1 1 1 1 1 1 1 1 1 1 1 1
 1 1 1 1 1 1 1 1 1 1 1 1 1 1 1 1 1 1 1 1 1 1 1 1 1 1 1 1 0 1 0 0 1 1 0 1 1 1 1 1 1 1 1 0 1 0 1 1 1 1
 1 1 1 1 1 1 1 1 1 1 1 1 1 0 1 1 1 1 1 1 1 1 1 1 1 1 1 1 1 1 0 0 1 1 1 1 1 1 1 1 1 1 1 1 1 1 1 1 1 1
 1 1 1 1 1 1 1 1 1 1 1 1 1 1 1 1 1 1 1 1 1 1 1 1 1 1 1 1 1 1 1 1 0 1 1 1 1 1 1 1 1 1 1 1 1 1 1 1 1 1
 1 1 1 1 1 1 1 1 1 1 1 1 1 1 1 1 1 1 1 1 1 1 1 1 1 1 1 1 1 1 1 1 1 0 1 1 1 1 1 1 1 1 1 1 1 1 1 1 1 1
 1 1 1 1 1 1 1 1 0 1 1 1 1 0 1 1 1 1 1 1 0 1 1 1 1 1 0 1 1 1 0 1 1 1 0 1 1 1 1 1 1 1 1 1 1 1 1 1 1 0
 1 1 1 1 1 1 1 1 1 1 1 1 1 1 1 1 1 1 1 1 1 1 1 1 1 1 1 1 1 1 1 1 1 1 1 0 1 1 1 1 1 1 1 1 1 1 1 1 1 1
 1 1 1 1 1 1 1 1 1 1 1 1 1 1 1 1 1 1 1 1 1 1 1 1 1 1 1 1 1 1 1 1 1 1 1 1 0 1 1 1 1 1 1 1 1 1 1 1 1 1
 1 1 1 1 1 1 1 1 1 1 1 1 1 1 1 1 1 1 1 1 1 1 1 1 1 1 1 1 1 1 1 1 1 1 1 1 1 0 1 1 1 1 1 1 1 1 1 1 1 1
 1 1 1 0 1 1 1 1 1 1 1 1 1 1 1 1 1 1 1 1 1 1 1 1 1 1 1 1 0 1 1 1 1 1 1 1 1 1 0 1 1 1 0 1 1 0 1 1 1 1
 1 1 1 1 1 1 1 1 1 1 1 1 1 1 1 1 1 1 1 1 1 1 1 1 1 1 1 1 1 1 1 1 1 1 1 1 1 1 1 0 1 1 1 1 1 1 1 1 1 1
 1 1 1 1 1 1 1 1 1 1 1 1 1 1 1 1 1 1 1 1 1 1 1 1 1 1 1 1 1 1 1 1 1 1 1 1 1 1 1 1 0 1 1 1 1 1 1 1 1 1
 1 1 1 1 1 1 1 1 1 1 1 1 1 1 1 1 1 1 1 1 1 1 1 1 1 1 1 1 1 1 1 1 1 1 1 1 1 1 1 1 1 0 1 1 1 1 1 1 1 1
 1 1 1 1 1 1 1 1 1 1 1 0 1 1 1 1 1 1 0 1 1 0 1 1 1 1 1 1 1 1 1 1 1 1 1 1 1 1 0 1 1 1 0 1 1 1 1 1 1 1
 1 1 1 1 1 1 1 1 1 1 1 1 1 0 1 1 1 1 1 1 0 1 1 1 1 1 1 1 1 1 0 1 1 1 1 1 1 1 1 1 1 1 1 0 1 1 1 1 1 0
 1 1 1 1 1 1 1 1 1 1 1 1 1 1 1 1 1 1 1 1 1 1 1 1 1 1 1 1 1 1 1 1 1 1 1 1 1 1 1 1 1 1 1 1 0 1 1 1 1 1
 1 1 1 1 1 1 1 1 0 1 1 1 1 0 1 1 1 1 1 1 0 0 0 1 1 1 0 1 1 1 0 1 1 1 1 1 1 1 0 1 1 1 1 1 1 0 0 1 1 0
 1 1 1 1 1 1 1 1 1 1 1 1 1 1 1 1 1 1 1 1 1 1 1 1 1 1 1 1 1 1 1 1 1 1 1 1 1 1 1 1 1 1 1 1 1 0 0 1 1 1
 1 1 1 0 1 1 1 1 1 1 1 1 1 1 1 1 1 1 1 1 1 1 1 1 1 1 1 1 1 1 1 1 1 1 1 1 1 1 1 1 1 1 1 1 1 1 1 0 1 1
 1 1 1 1 1 1 1 1 1 1 1 1 1 1 1 1 1 1 1 1 1 1 1 1 1 1 1 1 1 1 1 1 1 1 1 1 1 1 1 1 1 1 1 1 1 1 1 1 0 1
 1 1 1 1 1 1 1 1 1 1 1 1 1 1 1 1 1 1 1 1 1 1 1 1 1 1 1 1 0 1 1 1 1 1 0 1 1 1 1 1 1 1 1 0 1 0 1 1 1 0


# name: neighbor_rss
# type: matrix
# rows: 50
# columns: 50
 0 -100.36671528862456 -112.65151454252894 -126.77273329529197 -128.54893797862621 -119.85387411869961 -121.76980990745342 -125.68457105832904 -111.44103672575767 -123.68329925904006 -113.13124841302682 -128.99125012926834 -114.47201060110481 -112.35027369179932 -125.45146716645598 -122.67249732876809 -118.21191761776416 -127.68636159764262 -130.21046032418005 -123.1592160778369 -100.02190483503156 -123.36207219064053 -100.79999059172192 -102.23077106542854 -126.97189671258501 -127.15002431653831 -118.24968312693468 -122.22096986737719 -133.10340850306156 -125.36554032596928 -108.06471320419928 -131.74980835113939 -114.02811445665608 -128.56917298665488 -133.164348692126 -122.72975576649462 -93.822580222313903 -123.15305776965998 -121.85275567372537 -103.10071548078797 -117.95616096959014 -126.29987205207908 -125.37085043887927 -132.84440027650174 -125.26158482875631 -134.38091461827949 -78.034783736595045 -121.5622978018102 -124.79797192152435 -110.74018531698528
 -100.36671528862456 0 -117.55674312054683 -123.27156844781277 -127.34393722390331 -121.52606437948404 -124.08165034042594 -126.32941465374896 -118.1275697502432 -118.53761618709247 -104.36593355828778 -129.68866134166217 -108.10508506903508 -119.19631209234035 -122.40759341309173 -118.98711718337884 -119.20337555685329 -123.65678743803043 -130.05273492388329 -118.33325604448189 -110.31309845615436 -125.78330764209285 -104.60834392290728 -90.362002259533881 -124.69479550301902 -123.36541518285782 -122.52105432386598 -119.02377529063922 -130.92368163046666 -120.72276025020425 -115.11948282284564 -130.06806186683812 -103.51906939071597 -125.86893224435772 -131.11084644537695 -117.11943107580488 -103.76150148568593 -120.15341380969242 -124.99624534162704 -112.24434895639568 -121.37708563571658 -124.39981239783624 -121.19516722105934 -130.7512533665797 -120.69216400549873 -132.4381606474596 -104.26332380684272 -123.47148369635477 -120.5473614228415 -118.19976737997365
 -112.65151454252894 -117.55674312054683 0 -132.68512491421339 -125.71853728091406 -106.41310225275798 -107.00373475558018 -117.61246702329495 -97.582138864364083 -129.60627657023946 -124.20766831149601 -121.90917494332071 -125.297691480721 -116.42684143000736 -125.93374757308928 -123.8461614336679 -107.67799887799437 -131.62421664560298 -125.35074746160777 -129.9226495358489 -116.65859823950356 -109.95982770978219 -119.52925574377832 -115.10273436560379 -126.18313126892807 -129.71850024438498 -99.63511860937453 -122.46013149549233 -133.48079503870059 -130.64709426328068 -118.89934977211183 -130.63999907799314 -122.72435028681889 -129.03266667528828 -133.24068791402726 -128.33951364012734 -107.23378067794923 -123.15123884089869 -106.71379835396561 -98.529298014487566 -94.964741389977817 -124.58408220333067 -131.43604389098442 -132.94062551639212 -129.07574572993161 -134.47404889204194 -112.65359300257879 -107.88754861172268 -127.55923537304656 -106.23848175213729
 -126.77273329529197 -123.27156844781277 -132.68512491421339 0 -134.38431495903504 -134.00466543964973 -135.53654269708449 -136.00455153070533 -132.77908377397245 -109.04122994638183 -116.27029810741692 -138.01957123095286 -115.19140646674947 -131.69548285016046 -128.89432848896985 -127.48732299029331 -132.66032739460627 -117.59995482674401 -137.37440738870563 -100.69993425492201 -127.60231447789769 -136.5078722889379 -124.29929293954535 -125.00829239882475 -131.21857424084052 -124.37102601231079 -134.93073005515183 -128.61859066362447 -132.36432848896305 -109.96572915407984 -128.69163502210097 -134.32424009547259 -119.40324899738714 -129.88698900615057 -133.08295989569007 -114.58029105042968 -128.15913321890051 -129.04907564565389 -136.18508781220876 -130.58409418388808 -134.34299304934143 -132.00728038466164 -93.097305619726797 -132.83394739041654 -120.44003805500155 -133.87178146477669 -127.34958907139449 -135.08455762828703 -124.23971815041132 -132.4843757952288
 -128.54893797862621 -127.34393722390331 -125.71853728091406 -134.38431495903504 0 -119.91441076218567 -123.22694353574131 -115.50204228007608 -128.80859488924099 -129.85423065654311 -129.93830102767998 -118.55272118591429 -131.26015898390131 -133.18803783512055 -112.51619066526982 -115.00238348894675 -118.14623614845121 -128.47366269867439 -109.2772751769606 -131.82490590828093 -131.57271818023594 -125.00250560153015 -131.24382573307062 -125.27481180482016 -105.04379157042059 -122.75556095948079 -127.98533596592196 -112.64975953656517 -120.69016056638459 -130.01675227490301 -133.09064554378301 -108.69933157372483 -126.28386878486488 -114.4435192076778 -119.19818846947717 -127.75518347990611 -126.32327608257263 -111.33529396860035 -126.98957565591706 -127.36022979948876 -124.91769823935965 -98.692816836664377 -132.71242852853638 -118.73194821979251 -125.11282345239403 -121.48529520089703 -129.29846056010621 -121.32978309590577 -121.11087600972473 -130.43560530250747
 -119.85387411869961 -121.52606437948404 -106.41310225275798 -134.00466543964973 -119.91441076218567 0 -96.594421419890566 -104.83556202349192 -114.47662674970192 -130.39011458867179 -126.85388132783325 -113.51682807571956 -128.10616986076721 -124.16174144005994 -122.90749994818731 -121.25542319904783 -90.877786529814429 -131.42395251013511 -118.24657059509381 -131.28441135213671 -123.61528714006558 -104.93009946823734 -124.85611856901473 -118.6756436144212 -122.15904282156251 -128.45637191894207 -110.83410487185373 -119.11994710955861 -131.12180906524625 -131.17593649268753 -125.4549535461104 -126.9238480145417 -124.24251006316985 -126.2573774733556 -130.65400818431385 -128.79072467100056 -115.54039298131917 -119.61013275365404 -108.66788391252145 -113.84311525368041 -100.9372124102767 -119.59648104560124 -132.60568965915704 -130.33295396341884 -128.54351866099634 -132.03846285875923 -120.39822108336105 -87.319227030630145 -126.24644193537722 -118.34418936180941
 -121.76980990745342 -124.08165034042594 -107.00373475558018 -135.53654269708449 -123.22694353574131 -96.594421419890566 0 -108.00881861099555 -113.62806185531531 -132.45007077430321 -128.88748516231388 -113.17171505678553 -129.90029234270111 -123.89838496542731 -126.33896800101114 -125.01662363944585 -105.8925822246794 -133.54068322193569 -120.17318706003367 -133.10192259767686 -124.53319477570946 -88.227290420547121 -126.26541633543513 -121.88886832415304 -125.60417768243711 -131.02336493497194 -106.11822180516623 -123.3181571815951 -133.25256827948334 -133.19914645252211 -125.95150464210032 -129.35850986196667 -126.96663463195156 -129.09696651935019 -132.79959541380725 -131.10942548113582 -118.27164477824431 -123.69479608612009 -98.659674084235547 -115.26547965883623 -95.727760984921602 -123.44922252037931 -134.32639451006187 -132.5241616814925 -131.04151500627174 -134.01299379721803 -121.95967044657685 -84.070356767833914 -129.12419557530296 -117.67930915342784
 -125.68457105832904 -126.32941465374896 -117.61246702329495 -136.00455153070533 -115.50204228007608 -104.83556202349192 -108.00881861099555 0 -122.209792121476 -132.43869493476751 -130.27705817189303 -99.707977683968807 -131.41864847325002 -129.07067930516433 -122.94407792599961 -122.38273299366793 -107.58768740893265 -132.66805103394375 -108.29082740407905 -133.56539862331971 -128.62230847932676 -110.94413197619195 -129.3697572082873 -124.04825503061618 -120.91009948456579 -129.18810172772885 -118.99883830060048 -120.20476608780105 -130.08782079370263 -132.97239675262006 -130.0647995198118 -124.47268469385816 -127.6135021866811 -125.65303650786359 -129.35603420322374 -130.8351640346616 -122.66458417807772 -120.22496337280029 -115.81487366392142 -121.93836022951231 -113.95480975938528 -117.72882846537077 -134.64677847176421 -129.06334678355728 -129.91195012083676 -130.73239182111564 -126.1768040725282 -104.13911133463368 -127.34181527786663 -124.81130830517522
 -111.44103672575767 -118.1275697502432 -97.582138864364083 -132.77908377397245 -128.80859488924099 -114.47662674970192 -113.62806185531531 -122.209792121476 0 -130.31832515052253 -124.30428084137037 -125.36312591768572 -125.05956509435021 -109.89576776822193 -128.50888946606315 -126.5571960758507 -115.34953481229388 -132.69547213935331 -128.50384323863327 -130.23272352333393 -113.07589966526825 -114.64158050430757 -117.74879056087754 -116.84907130384963 -128.95233726790264 -131.39209119128577 -100.54477317395771 -125.54479993388858 -135.24737295860263 -131.4135139871409 -114.79082760447272 -132.92867272302345 -123.89807182207309 -131.24153547230227 -135.08485180224477 -129.3658424857507 -108.66168446760452 -126.18513080127515 -110.26316619356464 -96.82406415727408 -106.01353464824589 -127.70665099795147 -131.73766375441448 -134.80990662684536 -130.5098029450096 -136.20145553013407 -110.342687329838 -114.92366761376823 -129.44828467998605 -90.607894702319882
 -123.68329925904006 -118.53761618709247 -129.60627657023946 -109.04122994638183 -129.85423065654311 -130.39011458867179 -132.45007077430321 -132.43869493476751 -130.31832515052253 0 -111.61868784843938 -134.84289529659765 -113.05494813938725 -130.47089558991402 -122.23213618127954 -120.25098337510683 -128.59640761684688 -106.08003150634076 -133.77965838453323 -97.224700823110425 -125.97650828330222 -133.68568984318824 -122.53376765819171 -119.77668167125553 -125.54942374529999 -115.56448560041161 -132.40927695935963 -122.04495327706753 -127.54851097026412 -85.137714886291562 -127.70499134141724 -129.7363139528303 -110.19342521786459 -123.72771035606691 -128.38948997611192 -92.131228808487748 -124.46065096262433 -122.60750825688081 -133.57570259553907 -127.60233792887044 -131.32730854042251 -126.69470636568714 -100.18528936132199 -128.03896269491651 -108.19998211428843 -129.53486056612388 -124.66940756635772 -131.76556993375536 -114.90228700712375 -130.40659841355682
 -113.13124841302682 -104.36593355828778 -124.20766831149601 -116.27029810741692 -129.93830102767998 -126.85388132783325 -128.88748516231388 -130.27705817189303 -124.30428084137037 -111.61868784843938 0 -133.03095982368723 -85.930069384440301 -123.43030119708767 -124.18665041859755 -121.36810119888854 -125.0092493948251 -120.36108545681574 -132.91290075043341 -108.9285677675316 -116.10922319999761 -130.2168286480088 -109.31484374387631 -109.84156301980872 -126.79316482014848 -122.53286625054365 -127.68016797807967 -122.15704424222152 -131.17450895996734 -115.03378314186531 -118.94878352726012 -131.46224725971723 -101.6921312006733 -126.81204486296099 -131.58422594039502 -111.92688974394072 -116.02428790204388 -123.03121925385474 -129.61265106104412 -120.55243408773364 -126.91662849990087 -127.06813735762462 -113.57112920274641 -131.24813737573956 -118.57250912906115 -132.76955118400406 -114.54208631446258 -128.36546417503496 -120.36865961675142 -123.95963551873419
 -128.99125012926834 -129.68866134166217 -121.90917494332071 -138.01957123095286 -118.55272118591429 -113.51682807571956 -113.17171505678553 -99.707977683968807 -125.36312591768572 -134.84289529659765 -133.03095982368723 0 -134.00337094908406 -131.33409438495724 -126.26682448877355 -126.12577990347232 -115.9577484999547 -134.89749691897049 -106.86115290737104 -135.86433487839525 -131.31698608328907 -113.8025933903444 -132.1111659419737 -127.84485555082614 -124.18010656758688 -131.69778283746371 -121.95738650052775 -124.40353329244209 -131.6952185935416 -135.27963650801124 -132.46840400983001 -126.1345195806062 -130.78272690045372 -128.20720968484017 -130.90681517983998 -133.43137803053162 -126.55113431865389 -124.30667467279233 -118.39516389942686 -125.64522330255225 -118.46471165480645 -121.59432588185388 -136.8057990742231 -130.6792820177848 -132.49662269697228 -132.06751302461564 -129.33634295081646 -111.65527308532822 -130.21526347506861 -127.56113425518622
 -114.47201060110481 -108.10508506903508 -125.297691480721 -115.19140646674947 -131.26015898390131 -128.10616986076721 -129.90029234270111 -131.41864847325002 -125.05956509435021 -113.05494813938725 -85.930069384440301 -134.00337094908406 0 -123.38289968244651 -125.98232137942358 -123.47953513774614 -126.47480831739327 -121.64051244483355 -133.98705524053793 -108.78271436083593 -116.07564857669827 -131.1078894821174 -108.9592152640576 -113.05202943122714 -128.3661862454903 -124.21168336661515 -128.45684363824054 -124.19167557575575 -132.28971834043389 -116.20969265751935 -118.5098267489751 -132.66533057280029 -107.5443495758568 -128.31991323727371 -132.70221330259227 -114.24555387749419 -117.73039388722003 -124.97083590433891 -130.41956014211269 -121.65354044289187 -127.93155244735289 -128.6229939889466 -113.2334028110059 -132.38998356561268 -120.50093212704017 -133.79858658651375 -115.4810079405585 -129.47504268143922 -122.40297739985073 -124.48284841696744
 -112.35027369179932 -119.19631209234035 -116.42684143000736 -131.69548285016046 -133.18803783512055 -124.16174144005994 -123.89838496542731 -129.07067930516433 -109.89576776822193 -130.47089558991402 -123.43030119708767 -131.33409438495724 -123.38289968244651 0 -131.85023869977763 -130.03643569041864 -124.19488617805145 -133.564087719366 -133.46750871109828 -129.580350868712 -104.90249366622814 -124.32139786175074 -113.44120386883206 -119.9834959883559 -132.66082054925565 -133.31960476161561 -117.14184626378687 -129.54675856232365 -137.56080453699857 -131.67946404110552 -100.52586559187306 -136.1432391351392 -125.08868348619141 -134.11523835017488 -137.5496299467811 -130.10986362507174 -114.89825664152488 -130.13597624787184 -121.63036598560473 -111.39435995645776 -120.10407536434803 -131.92722502451858 -131.07664080979796 -137.30307114326394 -131.99367089339543 -138.51466659609019 -109.79202581668346 -124.60543302713042 -131.69243505837125 -103.05201303312042
 -125.45146716645598 -122.40759341309173 -125.93374757308928 -128.89432848896985 -112.51619066526982 -122.90749994818731 -126.33896800101114 -122.94407792599961 -128.50888946606315 -122.23213618127954 -124.18665041859755 -126.26682448877355 -125.98232137942358 -131.85023869977763 0 -92.504060205778387 -120.16750820196351 -119.63952061631055 -122.55666152451538 -125.46062299846172 -129.01748090565934 -128.14180662608052 -127.73514884119193 -120.32799772788999 -95.198741643828683 -109.12677933636583 -129.05561967288921 -96.335043185996469 -115.59218928768756 -122.2775106354463 -130.86235289862316 -112.83641049058663 -118.63220777128343 -97.810758877753074 -115.41801962364451 -118.86305275539615 -123.63493911428623 -92.859845995475595 -129.14721887275871 -126.0701865755605 -126.50415665967877 -102.58650604620006 -126.5307573113091 -114.51927497998497 -113.62640551740918 -118.64657517361579 -126.51892231798089 -124.8263442693945 -104.78444422338359 -129.73754351106004
 -122.67249732876809 -118.98711718337884 -123.8461614336679 -127.48732299029331 -115.00238348894675 -121.25542319904783 -125.01662363944585 -122.38273299366793 -126.5571960758507 -120.25098337510683 -121.36810119888854 -126.12577990347232 -123.47953513774614 -130.03643569041864 -92.504060205778387 0 -118.0309604143593 -118.8656187794314 -123.30951084188112 -123.54854816333398 -126.77381536977512 -126.98480113153457 -125.28508343995875 -116.43919010230715 -103.98571031096469 -109.85254342892358 -127.46187482480225 -85.233619571367598 -119.40279515681502 -120.66145853796073 -128.8587713410609 -117.30595496963844 -114.61730123009048 -106.96679613379182 -119.42589115192926 -116.43389305517334 -120.64642610232295 -87.095030652530028 -127.82703781224893 -123.65944602702898 -124.80880737057485 -106.41723746069505 -124.93990914315971 -118.71279865279999 -112.07578051173806 -122.01486011593175 -123.92648674697683 -123.46917950556218 -103.14551112625595 -127.82494414760183
 -118.21191761776416 -119.20337555685329 -107.67799887799437 -132.66032739460627 -118.14623614845121 -90.877786529814429 -105.8925822246794 -107.58768740893265 -115.34953481229388 -128.59640761684688 -125.0092493948251 -115.9577484999547 -126.47480831739327 -124.19488617805145 -120.16750820196351 -118.0309604143593 0 -129.65659388381403 -118.41784072703086 -129.68147249914489 -122.75684470955974 -111.25603714889961 -123.56252920890503 -115.71676992065812 -119.64685762155031 -126.36382388323747 -113.89504641922859 -115.49262018067292 -129.64237434883455 -129.43489989959897 -124.90580351966635 -125.43769893656882 -121.76446333009849 -124.13193778532036 -129.20342223097811 -126.7714831793951 -113.31639432603453 -116.17868770097824 -113.38797610784988 -113.09730293176224 -106.33117600949633 -116.88277647094242 -131.10133614397481 -128.84178072521277 -126.43363507433247 -130.72395640275741 -119.06779064869268 -101.20978985476553 -123.83390274111098 -118.8351555496661
 -127.68636159764262 -123.65678743803043 -131.62421664560298 -117.59995482674401 -128.47366269867439 -131.42395251013511 -133.54068322193569 -132.66805103394375 -132.69547213935331 -106.08003150634076 -120.36108545681574 -134.89749691897049 -121.64051244483355 -133.564087719366 -119.63952061631055 -118.8656187794314 -129.65659388381403 0 -133.15463235774979 -113.87430345089086 -130.00284652774042 -134.76134494428874 -127.53706055903424 -123.82378013844425 -123.30216380055919 -107.09847701013287 -134.18118053263078 -121.17037474147223 -122.79742606599976 -101.17207686704505 -131.52787159952857 -126.94425657708487 -117.12444648811316 -119.66725196744864 -124.12738783420066 -103.97048238833041 -127.72718440038318 -121.39260479790299 -134.94791022585491 -130.35293526388736 -132.87075048024036 -125.15182072969192 -113.386419894062 -123.74681728713342 -99.337609239542289 -125.30214239249604 -128.57651769336746 -132.74305474849945 -110.18198067353113 -133.04189771682729
 -130.21046032418005 -130.05273492388329 -125.35074746160777 -137.37440738870563 -109.2772751769606 -118.24657059509381 -120.17318706003367 -108.29082740407905 -128.50384323863327 -133.77965838453323 -132.91290075043341 -106.86115290737104 -133.98705524053793 -133.46750871109828 -122.55666152451538 -123.30951084188112 -118.41784072703086 -133.15463235774979 0 -135.16520662492547 -132.74331843348475 -121.46815129938923 -133.00677687377163 -128.18860794165278 -119.12144979962744 -129.13483580330646 -126.49717799231115 -121.47073360321789 -127.66093392742437 -134.0572598076858 -134.00391583447271 -119.86631870917459 -130.18681169002062 -124.08374903290343 -126.53336948686047 -132.1640377835686 -127.95765614886442 -121.00288568368211 -124.41335436892308 -127.96650132324969 -123.3513416893226 -115.95377111821404 -136.02136486141265 -126.29191503934656 -130.55132787214714 -127.88386555396161 -130.71989162514427 -118.36615721281441 -127.77124733246922 -130.33602761004545
 -123.1592160778369 -118.33325604448189 -129.9226495358489 -100.69993425492201 -131.82490590828093 -131.28441135213671 -133.10192259767686 -133.56539862331971 -130.23272352333393 -97.224700823110425 -108.9285677675316 -135.86433487839525 -108.78271436083593 -129.580350868712 -125.46062299846172 -123.54854816333398 -129.68147249914489 -113.87430345089086 -135.16520662492547 0 -124.78284094622957 -134.23512120848721 -120.85883196984291 -120.35522835960977 -128.22570454659004 -120.70456175753525 -132.58611376972306 -124.87777275286223 -130.33516400270784 -102.4907452189143 -126.35936957389001 -132.05106024486753 -112.2217205659382 -126.97125262856912 -131.03903942939075 -105.96801173229504 -124.56238224573899 -125.4461056469294 -133.93546959464041 -127.58683330615681 -131.79146993485773 -129.05287847335237 -88.498217865759784 -130.73414139794784 -115.52107797643085 -132.04213792243658 -123.99950490510226 -132.55224405781249 -119.94112929158815 -130.05662975276095
 -100.02190483503156 -110.31309845615436 -116.65859823950356 -127.60231447789769 -131.57271818023594 -123.61528714006558 -124.53319477570946 -128.62230847932676 -113.07589966526825 -125.97650828330222 -116.10922319999761 -131.31698608328907 -116.07564857669827 -104.90249366622814 -129.01748090565934 -126.77381536977512 -122.75684470955974 -130.00284652774042 -132.74331843348475 -124.78284094622957 0 -125.55575477453198 -97.162639817382725 -112.86144808270672 -130.30833778124153 -130.07834469140784 -119.94834811356914 -126.47404942926417 -135.43212451478598 -127.53517458292956 -90.997083209889894 -134.34257736714449 -119.03845493613987 -131.5710324033322 -135.51478826421737 -125.62462170536253 -108.32852030738863 -127.21057145153323 -123.68227533764016 -109.24900999955889 -120.9863133682217 -129.75334815898788 -126.7379559682303 -135.23551348657776 -128.24773462360497 -136.57491576568125 -95.129379692019455 -124.69834324886247 -128.19690323425118 -109.8779563245233
 -123.36207219064053 -125.78330764209285 -109.95982770978219 -136.5078722889379 -125.00250560153015 -104.93009946823734 -88.227290420547121 -110.94413197619195 -114.64158050430757 -133.68568984318824 -130.2168286480088 -113.8025933903444 -131.1078894821174 -124.32139786175074 -128.14180662608052 -126.98480113153457 -111.25603714889961 -134.76134494428874 -121.46815129938923 -134.23512120848721 -125.55575477453198 0 -127.43599805654897 -123.91275017710937 -127.40431821574199 -132.44223440084312 -105.74063498357776 -125.46899591740748 -134.42115863321538 -134.40206219695938 -126.70299707161857 -130.67937622827748 -128.59856445787432 -130.61841710080805 -133.97370485091534 -132.46801931974176 -120.39004038355135 -125.79011261376932 -93.053926525042385 -117.1901265249586 -100.46602828068653 -125.43534771928319 -135.39539892328182 -133.72159807965826 -132.45100102575316 -135.0993907997497 -123.40000020925785 -97.753552092485194 -130.7002149117227 -118.31581307447198
 -100.79999059172192 -104.60834392290728 -119.52925574377832 -124.29929293954535 -131.24382573307062 -124.85611856901473 -126.26541633543513 -129.3697572082873 -117.74879056087754 -122.53376765819171 -109.31484374387631 -132.1111659419737 -108.9592152640576 -113.44120386883206 -127.73514884119193 -125.28508343995875 -123.56252920890503 -127.53706055903424 -133.00677687377163 -120.85883196984291 -97.162639817382725 -127.43599805654897 0 -109.9399580243027 -129.40660595688561 -128.13005261291798 -123.08830520568679 -125.26122847879272 -134.33895792271778 -124.43298271442158 -104.14260070047943 -133.65055336546064 -114.71729910560828 -130.33874074342924 -134.51528415579733 -122.3644788421694 -109.61553849551883 -126.05933809124406 -126.07609166112812 -113.43902931210718 -123.30500771686536 -129.08372325288934 -123.26025796419502 -134.2207241509316 -125.80471214333359 -135.60640700483543 -100.1289301341082 -126.1488616822399 -126.16446590161956 -116.07456413920774
 -102.23077106542854 -90.362002259533881 -115.10273436560379 -125.00829239882475 -125.27481180482016 -118.6756436144212 -121.88886832415304 -124.04825503061618 -116.84907130384963 -119.77668167125553 -109.84156301980872 -127.84485555082614 -113.05202943122714 -119.9834959883559 -120.32799772788999 -116.43919010230715 -115.71676992065812 -123.82378013844425 -128.18860794165278 -120.35522835960977 -112.86144808270672 -123.91275017710937 -109.9399580243027 0 -122.60904070321865 -122.51079639242862 -120.94784747396008 -116.08987207511343 -129.90828247918722 -121.65034118868883 -117.20324211982458 -128.5694235395373 -104.9431573437725 -124.33711462078574 -130.01372704851727 -117.79115478969334 -99.899815606255402 -117.42057937911966 -123.31749338609364 -110.26073008920305 -119.12392322399373 -122.06965198672317 -122.87891204378347 -129.6292509636597 -120.30073192630174 -131.4528826407136 -106.0817396679427 -121.04012240139633 -119.3144578870111 -117.6705403904493
 -126.97189671258501 -124.69479550301902 -126.18313126892807 -131.21857424084052 -105.04379157042059 -122.15904282156251 -125.60417768243711 -120.91009948456579 -128.95233726790264 -125.54942374529999 -126.79316482014848 -124.18010656758688 -128.3661862454903 -132.66082054925565 -95.198741643828683 -103.98571031096469 -119.64685762155031 -123.30216380055919 -119.12144979962744 -128.22570454659004 -130.30833778124153 -127.40431821574199 -129.40660595688561 -122.60904070321865 0 -114.98370352797444 -129.01006362113031 -102.49103519033895 -115.33662802459349 -125.59258857456888 -132.0135340384212 -107.09386100045093 -122.13178246353439 -100.8757773707043 -114.27356637799988 -122.81168104632148 -124.98393091201567 -99.167352366539319 -128.73084143565063 -126.88084605379868 -126.27496752338986 -89.928832434443791 -129.17076443389647 -113.39794110770848 -118.72562181124985 -117.69075984823752 -127.9104204878485 -123.95451030368523 -112.60408199628219 -130.32416145781784
 -127.15002431653831 -123.36541518285782 -129.71850024438498 -124.37102601231079 -122.75556095948079 -128.45637191894207 -131.02336493497194 -129.18810172772885 -131.39209119128577 -115.56448560041161 -122.53286625054365 -131.69778283746371 -124.21168336661515 -133.31960476161561 -109.12677933636583 -109.85254342892358 -126.36382388323747 -107.09847701013287 -129.13483580330646 -120.70456175753525 -130.07834469140784 -132.44223440084312 -128.13005261291798 -122.51079639242862 -114.98370352797444 0 -132.48121728992766 -113.56564252857302 -115.56615471695936 -114.41799691955018 -131.76073684055919 -120.31185382040751 -117.40143648552103 -108.14518046783567 -117.10502234074303 -111.26476727291595 -126.39536942851856 -113.40355028093342 -132.95857172801419 -129.0014563796957 -130.69313091815758 -118.16366186256047 -121.32183443090943 -116.4214251389583 -97.18087970277665 -119.32949411669586 -128.14284717009767 -129.96955821131462 -92.441506811877332 -132.10674499029108
 -118.24968312693468 -122.52105432386598 -99.63511860937453 -134.93073005515183 -127.98533596592196 -110.83410487185373 -106.11822180516623 -118.99883830060048 -100.54477317395771 -132.40927695935963 -127.68016797807967 -121.95738650052775 -128.45684363824054 -117.14184626378687 -129.05561967288921 -127.46187482480225 -113.89504641922859 -134.18118053263078 -126.49717799231115 -132.58611376972306 -119.94834811356914 -105.74063498357776 -123.08830520568679 -120.94784747396008 -129.01006362113031 -132.48121728992766 0 -126.24448408336096 -135.47715809454633 -133.31564654591142 -121.07134363137322 -132.62852033139848 -126.74591828167436 -131.6366345318024 -135.20078036345711 -131.37179724783107 -115.31436615419554 -126.74659784764367 -95.974809906065545 -108.88674654199846 -96.360033076404207 -127.49320657616849 -133.90036858936955 -134.94118928477431 -131.99426650143363 -136.29671499955111 -117.80477479612767 -109.41676960773449 -130.66107419103474 -107.24076330605639
 -122.22096986737719 -119.02377529063922 -122.46013149549233 -128.61859066362447 -112.64975953656517 -119.11994710955861 -123.3181571815951 -120.20476608780105 -125.54479993388858 -122.04495327706753 -122.15704424222152 -124.40353329244209 -124.19167557575575 -129.54675856232365 -96.335043185996469 -85.233619571367598 -115.49262018067292 -121.17037474147223 -121.47073360321789 -124.87777275286223 -126.47404942926417 -125.46899591740748 -125.26122847879272 -116.08987207511343 -102.49103519033895 -113.56564252857302 -126.24448408336096 0 -120.52327808796879 -122.54563219889464 -128.58497292993044 -116.97971442790273 -115.87463175071571 -109.1067458659206 -120.28887576954143 -118.68190725837266 -119.77908124412696 -72.153200644502746 -126.48229295450905 -122.64653693766707 -123.2719831501211 -102.81257169055687 -126.27091084155866 -119.62111074150998 -115.36635126172405 -122.79627337529955 -123.46986934092479 -121.5689894622856 -108.44352933427325 -127.01117671643387
 -133.10340850306156 -130.92368163046666 -133.48079503870059 -132.36432848896305 -120.69016056638459 -131.12180906524625 -133.25256827948334 -130.08782079370263 -135.24737295860263 -127.54851097026412 -131.17450895996734 -131.6952185935416 -132.28971834043389 -137.56080453699857 -115.59218928768756 -119.40279515681502 -129.64237434883455 -122.79742606599976 -127.66093392742437 -130.33516400270784 -135.43212451478598 -134.42115863321538 -134.33895792271778 -129.90828247918722 -115.33662802459349 -115.56615471695936 -135.47715809454633 -120.52327808796879 0 -126.8050478592225 -136.72510864315103 -110.4367693365171 -127.91202855897406 -107.86054881752179 -83.552804752550713 -125.58937555527221 -132.07677616822701 -119.60845981635725 -135.33479004535013 -133.65066569165995 -133.66887347356419 -118.67612866405779 -130.56802415892179 -83.759031168209845 -120.72856608569333 -90.912789097937889 -133.81068251165183 -132.20508329944221 -117.80334463971762 -136.10731319851189
 -125.36554032596928 -120.72276025020425 -130.64709426328068 -109.96572915407984 -130.01675227490301 -131.17593649268753 -133.19914645252211 -132.97239675262006 -131.4135139871409 -85.137714886291562 -115.03378314186531 -135.27963650801124 -116.20969265751935 -131.67946404110552 -122.2775106354463 -120.66145853796073 -129.43489989959897 -101.17207686704505 -134.0572598076858 -102.4907452189143 -127.53517458292956 -134.40206219695938 -124.43298271442158 -121.65034118868883 -125.59258857456888 -114.41799691955018 -133.31564654591142 -122.54563219889464 -126.8050478592225 0 -129.13582738231798 -129.50383092556933 -113.28355321932811 -123.34472124268493 -127.7616661035287 -95.591161649911982 -125.95717951115108 -123.0037295440135 -134.36347893042563 -128.86808861752024 -132.21154974489832 -126.89558174558202 -102.14898964117806 -127.41818803942613 -106.83591807419513 -128.85919442847643 -126.28399779545062 -132.50361546132439 -114.58215875587368 -131.54794922316984
 -108.06471320419928 -115.11948282284564 -118.89934977211183 -128.69163502210097 -133.09064554378301 -125.4549535461104 -125.95150464210032 -130.0647995198118 -114.79082760447272 -127.70499134141724 -118.94878352726012 -132.46840400983001 -118.5098267489751 -100.52586559187306 -130.86235289862316 -128.8587713410609 -124.90580351966635 -131.52787159952857 -134.00391583447271 -126.35936957389001 -90.997083209889894 -126.70299707161857 -104.14260070047943 -117.20324211982458 -132.0135340384212 -131.76073684055919 -121.07134363137322 -128.58497292993044 -136.72510864315103 -129.13582738231798 0 -135.70321674811589 -121.97440854037114 -133.17497012787064 -136.80470159382264 -127.55056182573357 -113.44009052137795 -129.23760021257738 -124.70994063808888 -112.97400043164785 -122.62516931797607 -131.4846807084524 -128.09733920768753 -136.54556225724011 -130.04288705984271 -137.79055484400385 -104.97882220844713 -126.26824064353201 -130.08463494573385 -110.88240530335389
 -131.74980835113939 -130.06806186683812 -130.63999907799314 -134.32424009547259 -108.69933157372483 -126.9238480145417 -129.35850986196667 -124.47268469385816 -132.92867272302345 -129.7363139528303 -131.46224725971723 -126.1345195806062 -132.66533057280029 -136.1432391351392 -112.83641049058663 -117.30595496963844 -125.43769893656882 -126.94425657708487 -119.86631870917459 -132.05106024486753 -134.34257736714449 -130.67937622827748 -133.65055336546064 -128.5694235395373 -107.09386100045093 -120.31185382040751 -132.62852033139848 -116.97971442790273 -110.4367693365171 -129.50383092556933 -135.70321674811589 0 -128.01249817638632 -108.51275979800056 -106.84426040348566 -127.69318767392816 -130.19710454128042 -115.61176059495588 -132.05813443209757 -131.47609151344673 -130.35421077244345 -109.56120643315113 -132.63164803720713 -106.27489199872667 -124.00938033411708 -110.60572209466388 -132.45789127083293 -128.03271142372893 -120.10515835346166 -134.11533714624147
 -114.02811445665608 -103.51906939071597 -122.72435028681889 -119.40324899738714 -126.28386878486488 -124.24251006316985 -126.96663463195156 -127.6135021866811 -123.89807182207309 -110.19342521786459 -101.6921312006733 -130.78272690045372 -107.5443495758568 -125.08868348619141 -118.63220777128343 -114.61730123009048 -121.76446333009849 -117.12444648811316 -130.18681169002062 -112.2217205659382 -119.03845493613987 -128.59856445787432 -114.71729910560828 -104.9431573437725 -122.13178246353439 -117.40143648552103 -126.74591828167436 -115.87463175071571 -127.91202855897406 -113.28355321932811 -121.97440854037114 -128.01249817638632 0 -122.25120771226632 -128.32520942011877 -106.71653668595901 -114.55600234496892 -117.08574526141535 -128.3582641238437 -119.79481040525626 -125.26166298755514 -122.57905538706829 -115.89521946498746 -127.9125478325349 -112.84254498311142 -129.78880835476696 -115.93616963894337 -126.12562745945142 -113.82522053491572 -124.24869912074132
 -128.56917298665488 -125.86893224435772 -129.03266667528828 -129.88698900615057 -114.4435192076778 -126.2573774733556 -129.09696651935019 -125.65303650786359 -131.24153547230227 -123.72771035606691 -126.81204486296099 -128.20720968484017 -128.31991323727371 -134.11523835017488 -97.810758877753074 -106.96679613379182 -124.13193778532036 -119.66725196744864 -124.08374903290343 -126.97125262856912 -131.5710324033322 -130.61841710080805 -130.33874074342924 -124.33711462078574 -100.8757773707043 -108.14518046783567 -131.6366345318024 -109.1067458659206 -107.86054881752179 -123.34472124268493 -133.17497012787064 -108.51275979800056 -122.25120771226632 0 -107.82305101008106 -120.81631872319325 -127.14501696482584 -107.37117885019637 -131.60674559328393 -129.18717870678563 -129.40981295998213 -108.28969309748999 -127.67519150575303 -106.40246647840881 -114.85426640300284 -112.53849359433397 -129.47467816686284 -127.78185387624839 -107.87173818758066 -132.30325361836171
 -133.164348692126 -131.11084644537695 -133.24068791402726 -133.08295989569007 -119.19818846947717 -130.65400818431385 -132.79959541380725 -129.35603420322374 -135.08485180224477 -128.38948997611192 -131.58422594039502 -130.90681517983998 -132.70221330259227 -137.5496299467811 -115.41801962364451 -119.42589115192926 -129.20342223097811 -124.12738783420066 -126.53336948686047 -131.03903942939075 -135.51478826421737 -133.97370485091534 -134.51528415579733 -130.01372704851727 -114.27356637799988 -117.10502234074303 -135.20078036345711 -120.28887576954143 -83.552804752550713 -127.7616661035287 -136.80470159382264 -106.84426040348566 -128.32520942011877 -107.82305101008106 0 -126.44151098419209 -132.04817429549789 -119.29033631184818 -134.96928518792197 -133.54137478863618 -133.32867983385344 -117.58038036356368 -131.33596625024154 -63.622854955108274 -121.89450926895695 -87.975605428782586 -133.86235935785686 -131.71796766730347 -118.7477487077598 -135.99875868101037
