# Created by Octave 5.2.0, Thu Sep 14 20:09:38 2023 EEST <spaceman@spaceman-Legion-Y540-15IRH>
# name: neighbor_matrix
# type: matrix
# rows: 50
# columns: 50
 0 1 1 1 1 1 1 1 1 1 1 1 1 1 1 1 1 1 1 1 1 1 1 1 1 1 1 1 1 1 1 1 1 0 1 1 1 1 1 1 1 0 1 1 1 1 1 1 1 1
 1 0 1 1 1 1 1 1 1 1 1 1 1 1 1 1 1 1 1 1 1 1 1 1 1 1 1 1 1 1 1 1 1 1 1 1 1 1 1 1 1 1 1 1 1 1 1 1 1 1
 1 1 0 1 0 1 0 1 1 1 1 1 1 1 1 1 1 1 1 1 1 1 1 1 1 1 1 1 1 1 1 1 1 1 1 1 1 1 1 1 1 1 1 1 1 1 1 1 1 1
 1 1 1 0 1 1 1 1 1 1 1 1 1 1 1 1 1 1 1 1 1 1 1 1 1 1 1 1 1 1 1 1 1 1 1 1 1 1 1 1 1 1 1 1 1 1 1 1 1 1
 1 1 0 1 0 1 1 1 0 1 1 1 1 1 1 1 1 1 1 1 1 0 1 1 1 1 1 1 1 1 1 1 1 1 1 1 1 1 1 1 1 1 1 1 1 1 1 1 1 1
 1 1 1 1 1 0 1 1 1 1 1 1 1 1 1 1 1 1 1 1 1 1 1 1 1 1 1 1 1 1 1 1 1 1 1 1 1 1 1 1 1 1 1 1 1 1 1 1 1 1
 1 1 0 1 1 1 0 1 0 1 1 1 1 0 1 1 1 1 1 1 1 0 1 1 1 1 1 1 1 1 1 1 1 1 1 1 1 1 1 1 1 1 1 1 1 1 1 1 1 1
 1 1 1 1 1 1 1 0 1 1 1 1 1 1 1 1 1 1 1 1 1 1 1 1 1 1 1 1 1 1 1 1 1 1 1 1 1 1 1 1 1 1 1 1 1 1 1 1 1 1
 1 1 1 1 0 1 0 1 0 1 1 1 1 1 1 1 1 1 1 1 1 1 1 1 1 1 1 1 1 1 1 1 1 1 1 1 1 1 1 1 1 1 1 1 1 1 1 1 1 1
 1 1 1 1 1 1 1 1 1 0 1 1 1 1 1 1 1 1 1 1 1 1 1 1 1 1 1 1 1 1 1 1 1 1 1 1 1 1 1 1 1 1 1 1 1 1 1 1 1 1
 1 1 1 1 1 1 1 1 1 1 0 1 1 1 1 1 1 1 1 1 1 1 1 1 1 1 1 1 1 1 1 1 1 1 1 1 1 1 1 1 1 1 1 1 1 1 1 1 1 1
 1 1 1 1 1 1 1 1 1 1 1 0 1 1 1 1 1 1 1 1 1 1 1 1 1 1 1 1 1 1 1 1 1 1 1 1 1 1 1 1 1 1 1 1 1 1 1 1 1 1
 1 1 1 1 1 1 1 1 1 1 1 1 0 1 1 1 1 1 1 1 1 1 1 1 1 1 1 1 1 1 1 1 1 0 1 1 1 1 1 1 1 0 1 1 1 1 1 1 1 1
 1 1 1 1 1 1 0 1 1 1 1 1 1 0 1 1 1 1 1 1 1 1 1 1 1 1 1 1 1 1 1 1 1 1 1 1 1 1 1 1 1 1 1 1 1 1 1 1 1 1
 1 1 1 1 1 1 1 1 1 1 1 1 1 1 0 1 1 1 1 1 1 1 1 1 1 1 1 1 1 1 1 1 1 1 1 1 1 1 1 1 1 1 1 1 1 1 1 1 1 1
 1 1 1 1 1 1 1 1 1 1 1 1 1 1 1 0 1 1 1 1 1 1 1 1 1 1 1 1 1 1 1 1 1 1 1 1 1 1 1 1 1 1 1 1 1 1 1 1 1 1
 1 1 1 1 1 1 1 1 1 1 1 1 1 1 1 1 0 1 1 1 1 1 1 1 1 1 1 1 1 1 1 1 1 1 1 1 1 1 1 1 1 1 1 1 1 1 1 1 1 1
 1 1 1 1 1 1 1 1 1 1 1 1 1 1 1 1 1 0 1 1 1 1 1 1 1 1 1 1 1 1 1 1 1 1 1 1 1 1 1 1 1 1 1 1 1 1 1 1 1 1
 1 1 1 1 1 1 1 1 1 1 1 1 1 1 1 1 1 1 0 1 1 1 1 1 1 1 1 1 1 1 1 1 1 1 1 1 1 1 1 1 1 1 1 1 1 1 1 1 1 1
 1 1 1 1 1 1 1 1 1 1 1 1 1 1 1 1 1 1 1 0 1 1 1 1 1 0 1 1 1 1 1 1 0 0 1 1 1 1 1 1 1 0 1 1 1 1 1 0 1 1
 1 1 1 1 1 1 1 1 1 1 1 1 1 1 1 1 1 1 1 1 0 1 1 1 1 1 1 1 1 1 1 1 1 1 1 1 1 1 1 1 1 1 1 1 1 1 1 1 1 1
 1 1 1 1 0 1 0 1 1 1 1 1 1 1 1 1 1 1 1 1 1 0 1 1 1 1 0 1 1 1 1 1 1 1 1 1 1 1 1 1 1 1 1 1 1 1 1 1 1 1
 1 1 1 1 1 1 1 1 1 1 1 1 1 1 1 1 1 1 1 1 1 1 0 1 1 1 1 1 1 1 1 1 1 1 1 1 1 1 1 1 1 1 1 1 1 1 1 1 1 1
 1 1 1 1 1 1 1 1 1 1 1 1 1 1 1 1 1 1 1 1 1 1 1 0 1 1 1 1 1 1 1 1 1 1 1 1 1 1 1 1 1 1 1 1 1 1 1 1 1 1
 1 1 1 1 1 1 1 1 1 1 1 1 1 1 1 1 1 1 1 1 1 1 1 1 0 1 1 1 1 1 1 1 1 1 1 1 1 1 1 1 1 1 1 1 1 1 1 1 1 1
 1 1 1 1 1 1 1 1 1 1 1 1 1 1 1 1 1 1 1 0 1 1 1 1 1 0 1 1 1 1 1 1 1 1 1 1 1 1 1 1 1 1 1 1 1 1 1 1 1 1
 1 1 1 1 1 1 1 1 1 1 1 1 1 1 1 1 1 1 1 1 1 0 1 1 1 1 0 1 1 1 1 1 1 1 1 1 1 1 1 1 1 1 1 1 1 1 1 1 1 1
 1 1 1 1 1 1 1 1 1 1 1 1 1 1 1 1 1 1 1 1 1 1 1 1 1 1 1 0 1 1 1 1 1 1 1 1 1 1 1 1 1 1 1 1 1 1 1 1 1 1
 1 1 1 1 1 1 1 1 1 1 1 1 1 1 1 1 1 1 1 1 1 1 1 1 1 1 1 1 0 1 1 1 1 1 1 1 1 1 1 1 1 1 1 1 1 1 1 1 1 1
 1 1 1 1 1 1 1 1 1 1 1 1 1 1 1 1 1 1 1 1 1 1 1 1 1 1 1 1 1 0 1 1 1 1 1 1 1 1 1 1 1 1 1 1 1 1 1 1 1 1
 1 1 1 1 1 1 1 1 1 1 1 1 1 1 1 1 1 1 1 1 1 1 1 1 1 1 1 1 1 1 0 1 1 1 1 1 1 1 1 1 1 1 1 1 1 1 1 1 1 1
 1 1 1 1 1 1 1 1 1 1 1 1 1 1 1 1 1 1 1 1 1 1 1 1 1 1 1 1 1 1 1 0 1 1 1 1 1 1 1 1 1 1 1 1 1 1 1 1 1 1
 1 1 1 1 1 1 1 1 1 1 1 1 1 1 1 1 1 1 1 0 1 1 1 1 1 1 1 1 1 1 1 1 0 1 1 1 1 1 1 1 1 1 1 1 1 1 1 1 1 1
 0 1 1 1 1 1 1 1 1 1 1 1 0 1 1 1 1 1 1 0 1 1 1 1 1 1 1 1 1 1 1 1 1 0 1 1 1 1 1 1 1 1 1 1 1 1 1 1 1 1
 1 1 1 1 1 1 1 1 1 1 1 1 1 1 1 1 1 1 1 1 1 1 1 1 1 1 1 1 1 1 1 1 1 1 0 1 1 1 1 1 1 1 1 1 1 1 1 1 1 1
 1 1 1 1 1 1 1 1 1 1 1 1 1 1 1 1 1 1 1 1 1 1 1 1 1 1 1 1 1 1 1 1 1 1 1 0 1 1 1 1 1 1 1 1 1 1 1 1 1 1
 1 1 1 1 1 1 1 1 1 1 1 1 1 1 1 1 1 1 1 1 1 1 1 1 1 1 1 1 1 1 1 1 1 1 1 1 0 1 1 1 1 1 1 1 1 1 1 1 1 1
 1 1 1 1 1 1 1 1 1 1 1 1 1 1 1 1 1 1 1 1 1 1 1 1 1 1 1 1 1 1 1 1 1 1 1 1 1 0 1 1 1 1 1 1 1 1 1 1 1 1
 1 1 1 1 1 1 1 1 1 1 1 1 1 1 1 1 1 1 1 1 1 1 1 1 1 1 1 1 1 1 1 1 1 1 1 1 1 1 0 1 1 1 1 1 1 1 1 1 1 1
 1 1 1 1 1 1 1 1 1 1 1 1 1 1 1 1 1 1 1 1 1 1 1 1 1 1 1 1 1 1 1 1 1 1 1 1 1 1 1 0 1 1 1 1 1 1 1 1 1 1
 1 1 1 1 1 1 1 1 1 1 1 1 1 1 1 1 1 1 1 1 1 1 1 1 1 1 1 1 1 1 1 1 1 1 1 1 1 1 1 1 0 1 1 1 1 1 1 1 1 1
 0 1 1 1 1 1 1 1 1 1 1 1 0 1 1 1 1 1 1 0 1 1 1 1 1 1 1 1 1 1 1 1 1 1 1 1 1 1 1 1 1 0 1 1 1 1 1 1 1 1
 1 1 1 1 1 1 1 1 1 1 1 1 1 1 1 1 1 1 1 1 1 1 1 1 1 1 1 1 1 1 1 1 1 1 1 1 1 1 1 1 1 1 0 1 1 1 1 1 1 1
 1 1 1 1 1 1 1 1 1 1 1 1 1 1 1 1 1 1 1 1 1 1 1 1 1 1 1 1 1 1 1 1 1 1 1 1 1 1 1 1 1 1 1 0 1 1 1 1 1 1
 1 1 1 1 1 1 1 1 1 1 1 1 1 1 1 1 1 1 1 1 1 1 1 1 1 1 1 1 1 1 1 1 1 1 1 1 1 1 1 1 1 1 1 1 0 1 1 1 1 1
 1 1 1 1 1 1 1 1 1 1 1 1 1 1 1 1 1 1 1 1 1 1 1 1 1 1 1 1 1 1 1 1 1 1 1 1 1 1 1 1 1 1 1 1 1 0 1 1 1 1
 1 1 1 1 1 1 1 1 1 1 1 1 1 1 1 1 1 1 1 1 1 1 1 1 1 1 1 1 1 1 1 1 1 1 1 1 1 1 1 1 1 1 1 1 1 1 0 1 1 1
 1 1 1 1 1 1 1 1 1 1 1 1 1 1 1 1 1 1 1 0 1 1 1 1 1 1 1 1 1 1 1 1 1 1 1 1 1 1 1 1 1 1 1 1 1 1 1 0 1 1
 1 1 1 1 1 1 1 1 1 1 1 1 1 1 1 1 1 1 1 1 1 1 1 1 1 1 1 1 1 1 1 1 1 1 1 1 1 1 1 1 1 1 1 1 1 1 1 1 0 1
 1 1 1 1 1 1 1 1 1 1 1 1 1 1 1 1 1 1 1 1 1 1 1 1 1 1 1 1 1 1 1 1 1 1 1 1 1 1 1 1 1 1 1 1 1 1 1 1 1 0


# name: neighbor_rss
# type: matrix
# rows: 50
# columns: 50
 0 -128.81934039340786 -120.06580660528527 -94.836975959783359 -133.91641023633329 -128.41641561179836 -132.35499397924536 -120.25877215009412 -123.18279981630464 -124.4253756016557 -124.89712177929518 -129.13057873835703 -96.573855618203837 -125.5542854448441 -127.88150993667493 -129.87344395870417 -127.53488093452145 -118.20081484307229 -122.61620635838725 -114.80306994230654 -120.70059004845515 -125.96487593097032 -100.5174258794808 -115.56094708976345 -115.72978941715455 -133.98504537342944 -131.85294309363843 -122.24003362813158 -123.92016537395997 -119.92543638142577 -122.19237101999197 -129.31243813600497 -131.25694588483054 -135.8972605252506 -126.82703382857346 -122.25464548942197 -124.66938894784772 -104.89320703490628 -130.14512284335456 -130.45532864618053 -122.26602704984369 -135.75884492640949 -121.53359431785933 -121.67738057288642 -126.63325796525375 -110.30446670578107 -101.77859545536496 -133.70835387444362 -106.7309072687147 -118.84412284403868
 -128.81934039340786 0 -117.22634579113445 -126.26223604321387 -132.83148561607135 -75.939762555962702 -134.00707316628396 -132.02980383314036 -113.1808904620023 -133.62086324180666 -115.01835928790268 -121.76939322233241 -130.59976043555815 -105.51596096814148 -77.659136214492108 -126.64847286693319 -117.78835949857161 -117.03840037507132 -122.07836513016805 -134.79903267498634 -132.02263202883699 -113.6306354509596 -125.1882567748689 -126.2238415191954 -117.82856856537403 -127.91306356512351 -132.36513382313666 -117.44098198404075 -132.50833123014701 -123.80977349369785 -124.11941974793778 -118.85625688338141 -116.76500569067792 -126.69894184086614 -132.98166215792281 -132.79164366154427 -133.22762732320655 -124.29930716852373 -111.40704735341714 -120.6541818023982 -108.71028779547925 -125.45588881114233 -119.81257937562061 -109.96638597453048 -113.28400679784622 -128.491171381474 -129.00132813318979 -118.73959085321248 -123.69745346485904 -119.6251815259414
 -120.06580660528527 -117.22634579113445 0 -116.77328039400447 -135.22104813644427 -115.81085991971676 -135.15473986803468 -129.50026422539281 -93.080457308075779 -131.90328634863249 -120.57283657986615 -127.2955433223383 -123.78701753627558 -105.90639449209354 -115.57768014292478 -130.08876433583046 -124.35046166962667 -87.660719737935011 -123.1847669304187 -129.66717455716167 -129.62917345099169 -104.33659421418139 -113.4350119380978 -123.12692544323167 -103.44468540628189 -132.87392862812419 -134.04549716906632 -119.38413684717946 -131.00502639046027 -122.91747481804275 -124.41754539365817 -126.16316575245537 -126.80980274056232 -133.34198934934741 -132.34632730980167 -130.64770611099686 -131.73176215834945 -110.70091194604089 -124.28704011140576 -127.69159022744243 -106.81663628703399 -132.75103392357065 -120.65048954328886 -107.22633404234723 -121.56470723573541 -123.85050660119801 -122.81805420078049 -129.0792430123941 -115.02955729492432 -118.05619592582616
 -94.836975959783359 -126.26223604321387 -116.77328039400447 0 -132.75329917289292 -125.83123347301924 -131.43000716341584 -120.02255852728129 -120.23841440852296 -124.24501700575526 -121.61872898379929 -126.8344732272223 -105.01204863691486 -122.727388030041 -125.17367585882457 -127.99352997016055 -124.84679429322996 -114.04317487547223 -119.36722183251592 -118.76856463863841 -120.38691494624234 -123.63266142478423 -88.239640884093177 -112.07585909146638 -109.98863076364066 -132.3827471189897 -130.68703694025464 -118.42452098959575 -123.36621500587442 -116.42480731219052 -119.200427782124 -126.91252871821948 -129.04150090180923 -134.31321297945544 -126.10715390005923 -122.07041221226827 -124.29397559393942 -96.842745248374868 -127.72446911852182 -128.25151530487466 -118.41088234294234 -134.12553542948896 -117.73814320122599 -117.6379844862507 -123.66402389473359 -108.38484867274776 -102.33122967915619 -131.7788969270747 -94.830639684340611 -114.15689168536169
 -133.91641023633329 -132.83148561607135 -135.22104813644427 -132.75329917289292 0 -133.27041048024989 -105.66232053203368 -126.40190587472814 -135.24151771457923 -124.8331423217947 -126.03843925237587 -119.75388160067877 -133.2289887641638 -134.54216765992561 -132.64598499225764 -112.1156094521105 -123.43155721898084 -134.15581665743287 -123.30821055989496 -134.76608720333564 -126.02649402043197 -136.49343915269756 -133.5399638511023 -126.52783899110835 -132.48076063636307 -114.13119743475447 -98.77709627167448 -126.31367223954709 -123.44827325125665 -124.43794858162251 -122.51202063728206 -122.62482559171603 -125.3900722682245 -123.10449572853165 -119.97951418668072 -125.7220940849127 -123.77463222641852 -133.92051959339796 -127.47091283111408 -121.40796690790144 -131.98369031967701 -124.66184780263839 -125.42521123158329 -131.69371233260736 -126.20830390727617 -128.98870910422551 -131.26255141085454 -127.35075021364793 -131.23592972413593 -127.33973586962746
 -128.41641561179836 -75.939762555962702 -115.81085991971676 -125.83123347301924 -133.27041048024989 0 -134.32676690801497 -132.04928310553544 -111.20773616206563 -133.69704864908937 -115.74402020456469 -122.60670813571781 -130.30939031062482 -102.22372731553249 -76.267677000941148 -127.23634599823521 -118.73976815018216 -115.81332341560449 -122.41705213103739 -134.5908816704794 -132.05312843500593 -111.52722644721183 -124.64006142118518 -126.21315383422585 -117.00570089193506 -128.63813052219956 -132.7447419176909 -117.7730412981192 -132.60918412643062 -123.97191752226119 -124.39369110729659 -119.92000347272923 -118.20960961858825 -127.58331126498237 -133.15309585845625 -132.83789923251905 -133.32475539835849 -123.66586250392832 -113.32374795086534 -121.67948184930756 -107.51041813303203 -126.41682526525031 -120.08776624751323 -108.97509213580037 -114.38842740407972 -128.36464778858175 -128.76512366125823 -120.15005049619342 -123.30297532234353 -119.65950625696837
 -132.35499397924536 -134.00707316628396 -135.15473986803468 -131.43000716341584 -105.66232053203368 -134.32676690801497 0 -122.18061386354637 -135.45160203774537 -119.21321203812394 -127.10214385005318 -122.79648828443466 -131.20984756410996 -135.07660298451546 -133.7092015825194 -116.33228602749912 -125.4300541038678 -134.01600839925726 -123.19934876058521 -132.26657478380667 -121.68256599034102 -136.83450746333483 -132.48004513166194 -124.56893729297897 -132.19075482076016 -121.45426531968941 -94.406859802135699 -126.68111926383793 -117.85441263440386 -123.38991911340291 -121.70409083130984 -125.38577797132294 -128.30887926885862 -127.9658237113058 -112.20882096062054 -120.9039495641271 -117.87573514501285 -133.02584179248007 -129.71446397662169 -124.83478287280366 -132.36576317252141 -129.01903485554982 -125.45438893658952 -132.02014936589359 -127.72889454312208 -126.63809210351029 -129.18784039714211 -130.48188796594133 -130.15802371751334 -127.02991966901196
 -120.25877215009412 -132.02980383314036 -129.50026422539281 -120.02255852728129 -126.40190587472814 -132.04928310553544 -122.18061386354637 0 -130.75521820651886 -97.686508854228578 -124.86113650993482 -125.65606296437475 -116.61227626388313 -131.34655806678131 -131.38458716557841 -123.64942647479333 -125.72626346755024 -127.91969495078945 -118.99763794609822 -118.11280019514888 -60.234651748924669 -132.77641813034572 -122.52669529387288 -110.33962927925994 -125.3009631232747 -129.64790802286785 -122.51441064589665 -122.49752002792371 -96.432634039516302 -115.51658693392874 -116.332347031594 -127.17086774372066 -130.15522062274906 -133.34549917458378 -108.19246843492277 -83.935012447143862 -98.855177477725235 -123.89217941944713 -130.15298959067007 -127.84284963121819 -127.8556775783041 -133.64007350138971 -120.54944850960251 -127.30315440103715 -126.56979012856938 -107.74937264315672 -112.9978596737667 -132.85876826190758 -119.68996969480662 -120.35438094580792
 -123.18279981630464 -113.1808904620023 -93.080457308075779 -120.23841440852296 -135.24151771457923 -111.20773616206563 -135.45160203774537 -130.75521820651886 0 -132.91520082112805 -119.99609341786217 -126.819089851486 -126.25074943117434 -95.650014479234642 -111.30585681965525 -129.98680901943433 -123.69128585027556 -99.329050237152316 -123.62016872817624 -131.50048309588217 -130.84895123638125 -94.430736442410577 -117.73286434746656 -124.62173134445609 -108.03139350042485 -132.398059248902 -134.24659341198418 -119.51029838815933 -131.98640802109588 -123.83485699760902 -125.05013067694235 -125.37467658969061 -125.55631197918926 -132.49001138769748 -133.10040495116698 -131.78629169419216 -132.69623996011569 -115.73156178390896 -122.66274559686728 -126.93265464227702 -104.62686270163378 -131.7808889293911 -121.09550623779438 -105.90336378184867 -120.55579163427748 -125.75397949718966 -125.15862285662469 -127.67680946470271 -118.22136617862166 -119.02314042993666
 -124.4253756016557 -133.62086324180666 -131.90328634863249 -124.24501700575526 -124.8331423217947 -133.69704864908937 -119.21321203812394 -97.686508854228578 -132.91520082112805 0 -126.79822083846599 -126.49706701317426 -121.48684523737657 -133.30220044137545 -133.07369378707818 -123.68539619888519 -127.08548243953324 -130.51509062969114 -121.46373416176802 -121.47863434857885 -96.212832771092394 -134.7030775894894 -126.22468069355348 -116.13291147774197 -128.23983513411838 -129.46975781914966 -120.44747190713244 -124.95690054614113 -86.913057406822105 -119.02476440714376 -119.02562728199722 -128.19363657481392 -131.07319180708024 -133.47969417695174 -100.35731513380949 -87.246114549417655 -76.427280228673411 -127.32037042967482 -131.34645640546964 -128.61267828192979 -130.16001360093315 -133.89957389410483 -123.22698984250503 -129.68068453417538 -128.21780319877413 -115.38791501702764 -119.01112154089169 -133.57087584788979 -123.82450414489826 -123.5167323736743
 -124.89712177929518 -115.01835928790268 -120.57283657986615 -121.61872898379929 -126.03843925237587 -115.74402020456469 -127.10214385005318 -124.86113650993482 -119.99609341786217 -126.79822083846599 0 -107.55068992029103 -126.0018310688603 -118.0639375256772 -113.85726226475815 -115.73021524570272 -96.378069180102401 -118.39691712742588 -103.72098222952468 -130.81010799502999 -124.76768120366955 -122.71821577535209 -121.62421588693554 -116.10405679031996 -115.13473639711938 -121.14325760667776 -124.76186021510901 -91.77795453644822 -125.035179351802 -109.64691319755659 -109.13136124990528 -104.7384141976809 -110.72262858868204 -123.18814403008064 -125.45355071181054 -125.78122284739423 -126.11623790039957 -121.47211784519993 -107.86000925330868 -109.48609911901588 -110.75872571745342 -122.63375353006633 -98.948547242167379 -109.97462539153621 -86.844345163424123 -121.02799459296838 -123.07842797723916 -117.80595920897684 -117.43725437858397 -104.04779999735092
 -129.13057873835703 -121.76939322233241 -127.2955433223383 -126.8344732272223 -119.75388160067877 -122.60670813571781 -122.79648828443466 -125.65606296437475 -126.819089851486 -126.49706701317426 -107.55068992029103 0 -129.42210320465722 -125.22974312775332 -121.45226393055364 -102.67233354243309 -95.590769348595174 -125.83092148516711 -109.24192581709691 -132.92340785315758 -125.43250464838755 -128.5515197796384 -127.23770217786634 -120.09662411461244 -123.61081039632683 -110.67757629586505 -119.22789914794041 -111.1581818543943 -124.62397521932974 -114.52880961424367 -111.64155883959744 -91.042430914168392 -106.50901408248491 -116.5150375639048 -123.81901077376438 -126.05056696358643 -125.60018606488113 -127.34479666873993 -110.37622424670572 -90.991144967842075 -121.19277619048097 -116.67482019034489 -111.27661512999306 -120.816902170861 -106.40216937448415 -124.45954834985807 -126.82930452355522 -114.62418969646356 -123.95542423841397 -115.59604517748235
 -96.573855618203837 -130.59976043555815 -123.78701753627558 -105.01204863691486 -133.2289887641638 -130.30939031062482 -131.20984756410996 -116.61227626388313 -126.25074943117434 -121.48684523737657 -126.0018310688603 -129.42210320465722 0 -128.07493526261067 -129.76476177468453 -129.61252377229653 -128.20661476626941 -122.11755483240148 -122.9013231105087 -108.30059625516363 -117.21766057946479 -128.6830137876523 -109.87550140432026 -114.61000114476739 -119.66758977819831 -133.95280604258096 -130.92269359690238 -123.40963170815118 -121.24794163431255 -119.90368358847243 -122.01484010411603 -129.87560043956896 -131.99059720280235 -136.17443744154792 -124.76495733707628 -118.93850392997862 -121.94893609531583 -112.77565211360181 -131.1538214639661 -130.8904338961371 -124.86237218554989 -136.13353678298316 -122.38234958372499 -124.29768757659507 -127.70919524481465 -106.79038168426861 -95.357904435875241 -134.42162318291517 -111.2680936857542 -120.23265240294191
 -125.5542854448441 -105.51596096814148 -105.90639449209354 -122.727388030041 -134.54216765992561 -102.22372731553249 -135.07660298451546 -131.34655806678131 -95.650014479234642 -133.30220044137545 -118.0639375256772 -125.22974312775332 -128.07493526261067 0 -102.85076799809366 -128.96148186764793 -121.75554295674571 -107.39229708241598 -123.01770632121639 -132.90152975168121 -131.40204816734874 -98.540725611167659 -120.86702410204036 -125.24239473869018 -111.56247879365407 -131.04003314586964 -133.72113155210684 -118.4645549993069 -132.30005231025149 -123.79106281643398 -124.71667988565645 -123.3459680893564 -122.97532719455752 -130.73842131991302 -133.18447862223343 -132.28101311483053 -133.01717026721099 -119.3836440194185 -119.44666938095369 -125.01003114851869 -102.24986423483939 -129.87450074684466 -120.44960532897663 -104.4004244422794 -118.05787022380457 -126.8729577176932 -126.74478709279335 -125.07666358376541 -120.34294685147081 -118.95055680602849
 -127.88150993667493 -77.659136214492108 -115.57768014292478 -125.17367585882457 -132.64598499225764 -76.267677000941148 -133.7092015825194 -131.38458716557841 -111.30585681965525 -133.07369378707818 -113.85726226475815 -121.45226393055364 -129.76476177468453 -102.85076799809366 0 -126.33220254448439 -117.2420615566261 -115.22483587979426 -121.15940596247039 -134.15125819244719 -131.38434244181047 -112.42179285511425 -124.024111617396 -125.28976954073391 -116.01729121261917 -127.93432291031249 -132.07401704219964 -116.12613481999017 -131.93905178128833 -122.85441644952819 -123.27981489212949 -118.62088358661643 -117.0666793761706 -127.0406372394512 -132.4889471110026 -132.1931332250816 -132.68217415980337 -123.07589150172154 -111.78150961870728 -120.56016713976837 -105.53119501763405 -125.88912772882915 -118.65927966396634 -107.04278338414181 -112.40079376480452 -127.61178641137917 -128.1041307735818 -119.4889345380676 -122.44659823317994 -118.26992550456509
 -129.87344395870417 -126.64847286693319 -130.08876433583046 -127.99352997016055 -112.1156094521105 -127.23634599823521 -116.33228602749912 -123.64942647479333 -129.98680901943433 -123.68539619888519 -115.73021524570272 -102.67233354243309 -129.61252377229653 -128.96148186764793 -126.33220254448439 0 -110.73692181948243 -128.70267324088314 -112.09486999106724 -132.47872706088992 -123.30871405081911 -131.61434840919725 -128.73252941703646 -120.11911029104822 -126.51202503485388 -108.38148075407076 -110.79162141130573 -116.62205707322678 -121.56363089633949 -115.491856015287 -112.00811121082359 -109.81878434128362 -116.24028048366051 -118.85738206431034 -119.61623264531896 -123.65926725859495 -122.53345336149312 -129.05649350666744 -118.96479039523891 -108.40394358561581 -125.39851078297175 -119.90392688524084 -115.49194059620044 -125.00196702067672 -116.03445029813994 -124.26441290857085 -127.01332918893849 -120.68628902442674 -125.59777172379593 -118.97041157940284
 -127.53488093452145 -117.78835949857161 -124.35046166962667 -124.84679429322996 -123.43155721898084 -118.73976815018216 -125.4300541038678 -125.72626346755024 -123.69128585027556 -127.08548243953324 -96.378069180102401 -95.590769348595174 -128.20661476626941 -121.75554295674571 -117.2420615566261 -110.73692181948243 0 -122.67887462347039 -106.48421070105019 -132.26389955256593 -125.56687241679909 -125.72933529642027 -125.04227654862768 -118.73709378835984 -120.20712122944558 -116.42112005668636 -122.56875479510869 -104.52316140713359 -125.285255039107 -112.64396210905497 -110.60031083142027 -88.919072782328826 -104.49811684936341 -119.27908080075179 -125.09295196148879 -126.36813209697173 -126.30304192373247 -125.01197633723595 -105.04239047015801 -98.658158970823152 -116.73523356473538 -118.8186325224209 -106.39708632329564 -116.29226171864212 -93.139260126106876 -123.32564111027813 -125.5148022093821 -114.20633907006737 -121.4788263244329 -111.35115762133694
 -118.20081484307229 -117.03840037507132 -87.660719737935011 -114.04317487547223 -134.15581665743287 -115.81332341560449 -134.01600839925726 -127.91969495078945 -99.329050237152316 -130.51509062969114 -118.39691712742588 -125.83092148516711 -122.11755483240148 -107.39229708241598 -115.22483587979426 -128.70267324088314 -122.67887462347039 0 -120.91278119557053 -128.5558367930872 -128.05337307904125 -108.88175783311596 -110.43184476350628 -120.72475380069599 -94.481165027226069 -131.86512709948414 -132.85462358771332 -116.70127602484371 -129.52452363669715 -120.49941910817655 -122.24776800602812 -124.75425987121235 -125.75602543340425 -132.58876596533608 -130.96722109043196 -129.16264749343856 -130.31829336557473 -107.42026859941797 -123.21335232129348 -126.41464858578153 -103.38522669924359 -132.03486965825758 -118.03078485634273 -103.23448855243376 -119.76044447638897 -121.68844725579285 -120.73788319826214 -128.36338432004948 -111.32130586052018 -114.85643305943
 -122.61620635838725 -122.07836513016805 -123.1847669304187 -119.36722183251592 -123.30821055989496 -122.41705213103739 -123.19934876058521 -118.99763794609822 -123.62016872817624 -121.46373416176802 -103.72098222952468 -109.24192581709691 -122.9013231105087 -123.01770632121639 -121.15940596247039 -112.09486999106724 -106.48421070105019 -120.91278119557053 0 -127.90947362074039 -118.81800772975961 -126.26926881021274 -120.37267583336148 -107.09637109507653 -117.00838022529499 -121.27130555818533 -120.7459182650331 -97.6690612335249 -119.0097797235784 -91.838405334962872 -86.235019691623961 -111.23581679840819 -117.56073022996887 -125.29022011400592 -119.72278436983318 -120.14539542944581 -120.51845364404059 -120.84739214686662 -117.18247416758307 -113.71667949478231 -116.93517981563045 -125.28811790617193 -88.871533593608874 -116.05083999423894 -108.59729060915809 -115.26380508860032 -118.98957367443123 -122.81149730978761 -115.00727746787419 -99.99463094635874
 -114.80306994230654 -134.79903267498634 -129.66717455716167 -118.76856463863841 -134.76608720333564 -134.5908816704794 -132.26657478380667 -118.11280019514888 -131.50048309588217 -121.47863434857885 -130.81010799502999 -132.92340785315758 -108.30059625516363 -132.90152975168121 -134.15125819244719 -132.47872706088992 -132.26389955256593 -128.5558367930872 -127.90947362074039 0 -118.71515848621598 -133.30060604113618 -121.03113087313174 -121.67369155672441 -126.9367324194602 -136.33983866736634 -132.48541402907983 -128.87133704811939 -122.31128938854532 -125.58751497052759 -126.88780328590492 -133.53085151149531 -135.4212938264638 -138.60702767983071 -125.71539529473179 -119.5342778903339 -122.41312799935281 -122.56453515405627 -134.90982798051775 -134.25727191325194 -130.49236130562684 -138.66974896345107 -127.92779068234891 -130.0760077527801 -132.13942730250639 -116.45931179084877 -113.21976298701239 -137.47618346801454 -121.76761109693585 -126.68549149962124
 -120.70059004845515 -132.02263202883699 -129.62917345099169 -120.38691494624234 -126.02649402043197 -132.05312843500593 -121.68256599034102 -60.234651748924669 -130.84895123638125 -96.212832771092394 -124.76768120366955 -125.43250464838755 -117.21766057946479 -131.40204816734874 -131.38434244181047 -123.30871405081911 -125.56687241679909 -128.05337307904125 -118.81800772975961 -118.71515848621598 0 -132.85809518616458 -122.82825377441918 -110.44810053276535 -125.44004878899671 -129.39823130324061 -122.03856634207283 -122.43082234946411 -94.174039889357971 -115.38121030987423 -116.08686031807913 -126.99708431430285 -130.01863573203374 -133.16892217792736 -107.06890997353716 -80.985705153646876 -97.120260531916983 -124.15825300050761 -130.05217816841974 -127.65180159609226 -127.90717700553189 -133.47822210548708 -120.46044820081781 -127.35671527910162 -126.4692883093656 -108.40523368013638 -113.63811630557218 -132.73503198860539 -119.95446809524782 -120.35735150241879
 -125.96487593097032 -113.6306354509596 -104.33659421418139 -123.63266142478423 -136.49343915269756 -111.52722644721183 -136.83450746333483 -132.77641813034572 -94.430736442410577 -134.7030775894894 -122.71821577535209 -128.5515197796384 -128.6830137876523 -98.540725611167659 -112.42179285511425 -131.61434840919725 -125.72933529642027 -108.88175783311596 -126.26926881021274 -133.30060604113618 -132.85809518616458 0 -121.50435337879119 -127.40977084794002 -114.57032958036939 -133.52198669769223 -135.67235974734382 -122.6849887761223 -133.85591726073324 -126.61469938258972 -127.579709727992 -127.05924600866675 -126.76321524347856 -133.23221211185796 -134.82456506820276 -133.69400393798051 -134.49770190965685 -119.84825422460352 -123.97057969228334 -128.42544369485839 -111.07181801853864 -132.46095460255862 -124.12895591129464 -112.19379643307605 -122.87341205853562 -128.40137603540759 -127.84330348649432 -128.35244398158238 -122.13533910201755 -122.5762405695984
 -100.5174258794808 -125.1882567748689 -113.4350119380978 -88.239640884093177 -133.5399638511023 -124.64006142118518 -132.48004513166194 -122.52669529387288 -117.73286434746656 -126.22468069355348 -121.62421588693554 -127.23770217786634 -109.87550140432026 -120.86702410204036 -124.024111617396 -128.73252941703646 -125.04227654862768 -110.43184476350628 -120.37267583336148 -121.03113087313174 -122.82825377441918 -121.50435337879119 0 -115.01450268816248 -106.71888648285559 -132.78788802274957 -131.67274968057194 -118.68408307499256 -125.37405155055839 -118.04456245009436 -120.57165129814243 -127.08427172771964 -128.9594487849634 -134.43606579019308 -127.75659103488587 -124.30908126278278 -126.23183206153156 -80.754803287620902 -127.43715798482806 -128.46567228816434 -116.70760275784818 -134.17747879326504 -118.4253562837558 -115.96783703377983 -123.54065957627594 -112.89535379370432 -108.71466000728776 -131.61430859191026 -97.47624358086756 -114.78770281670106
 -115.56094708976345 -126.2238415191954 -123.12692544323167 -112.07585909146638 -126.52783899110835 -126.21315383422585 -124.56893729297897 -110.33962927925994 -124.62173134445609 -116.13291147774197 -116.10405679031996 -120.09662411461244 -114.61000114476739 -125.24239473869018 -125.28976954073391 -120.11911029104822 -118.73709378835984 -120.72475380069599 -107.09637109507653 -121.67369155672441 -110.44810053276535 -127.40977084794002 -115.01450268816248 0 -116.42592083359932 -127.04184997914732 -123.40587105692893 -111.47411359756541 -113.53687280067948 -97.779586388159743 -103.78401530369376 -121.32456512103107 -125.05695983881354 -130.43075679193396 -117.0563570557473 -113.18999958429816 -115.50619638883674 -116.55065374974851 -124.45949560716471 -122.74301140122955 -119.99186130119186 -130.48785901869479 -108.0204974252343 -119.11600902831108 -119.01929445207497 -98.321480338971639 -107.65036414585751 -128.64256900833567 -108.02889706561498 -106.2441968156521
 -115.72978941715455 -117.82856856537403 -103.44468540628189 -109.98863076364066 -132.48076063636307 -117.00570089193506 -132.19075482076016 -125.3009631232747 -108.03139350042485 -128.23983513411838 -115.13473639711938 -123.61081039632683 -119.66758977819831 -111.56247879365407 -116.01729121261917 -126.51202503485388 -120.20712122944558 -94.481165027226069 -117.00838022529499 -126.9367324194602 -125.44004878899671 -114.57032958036939 -106.71888648285559 -116.42592083359932 0 -130.36177732963912 -130.94828744659549 -112.19551152312117 -127.07483085022577 -116.18903601142458 -118.4898668432959 -122.72743366327441 -124.40750413572901 -131.55348126493396 -128.69985329925368 -126.71526172914129 -127.99318947462523 -104.24758324770281 -121.98607953421819 -124.57458259525771 -102.36615511105737 -131.08058600291372 -113.46338027291792 -100.77026754531063 -117.27524374665354 -117.99663518142164 -117.38224249955508 -127.52527862456401 -104.40123549928263 -108.86646900094914
 -133.98504537342944 -127.91306356512351 -132.87392862812419 -132.3827471189897 -114.13119743475447 -128.63813052219956 -121.45426531968941 -129.64790802286785 -132.398059248902 -129.46975781914966 -121.14325760667776 -110.67757629586505 -133.95280604258096 -131.04003314586964 -127.93432291031249 -108.38148075407076 -116.42112005668636 -131.86512709948414 -121.27130555818533 -136.33983866736634 -129.39823130324061 -133.52198669769223 -132.78788802274957 -127.04184997914732 -130.36177732963912 0 -117.50520534983541 -122.93728259220239 -128.03491679892005 -123.79935044545148 -121.8224433339158 -113.27637260103255 -115.22362896575254 -107.77069630432486 -126.35682333814107 -129.5853084964337 -128.63565613091356 -132.91824096946954 -119.48900203157186 -109.73333179402267 -128.58270404530742 -111.0374030980249 -122.80641544782962 -128.38524205997498 -120.1647745807218 -130.0035342805698 -131.95943660417424 -117.07578008258628 -130.41039636577807 -125.20935965152005
 -131.85294309363843 -132.36513382313666 -134.04549716906632 -130.68703694025464 -98.77709627167448 -132.7447419176909 -94.406859802135699 -122.51441064589665 -134.24659341198418 -120.44747190713244 -124.76186021510901 -119.22789914794041 -130.92269359690238 -133.72113155210684 -132.07401704219964 -110.79162141130573 -122.56875479510869 -132.85462358771332 -120.7459182650331 -132.48541402907983 -122.03856634207283 -135.67235974734382 -131.67274968057194 -123.40587105692893 -130.94828744659549 -117.50520534983541 0 -124.54641764573603 -118.66030957105502 -121.463998683277 -119.3388296668342 -122.34959681925177 -125.70113281459362 -125.35021573118472 -113.91207692848747 -121.60323967834231 -119.0717287523298 -132.16987289010359 -127.39484794385606 -121.59947073074707 -130.84745226561688 -126.52836482248217 -123.29532160676126 -130.49277330375793 -125.32901914053097 -126.0567362047634 -128.7215955426378 -128.15912642153197 -129.14120021873657 -125.24597810912175
 -122.24003362813158 -117.44098198404075 -119.38413684717946 -118.42452098959575 -126.31367223954709 -117.7730412981192 -126.68111926383793 -122.49752002792371 -119.51029838815933 -124.95690054614113 -91.77795453644822 -111.1581818543943 -123.40963170815118 -118.4645549993069 -116.12613481999017 -116.62205707322678 -104.52316140713359 -116.70127602484371 -97.6690612335249 -128.87133704811939 -122.43082234946411 -122.6849887761223 -118.68408307499256 -111.47411359756541 -112.19551152312117 -122.93728259220239 -124.54641764573603 0 -123.05654164204738 -103.45357350911199 -104.4883796328168 -110.45720905255732 -115.65126929411504 -125.46410957061441 -123.92031014336763 -123.66787361960715 -124.27673258522742 -118.71169336236862 -113.6303162580964 -113.82640375095701 -110.20538197426174 -125.10635210822655 -84.062289796221265 -108.98212236254236 -101.5104109787632 -117.51525455128944 -119.94678160968189 -121.28659116634795 -113.28705822336681 -92.397519823940428
 -123.92016537395997 -132.50833123014701 -131.00502639046027 -123.36621500587442 -123.44827325125665 -132.60918412643062 -117.85441263440386 -96.432634039516302 -131.98640802109588 -86.913057406822105 -125.035179351802 -124.62397521932974 -121.24794163431255 -132.30005231025149 -131.93905178128833 -121.56363089633949 -125.285255039107 -129.52452363669715 -119.0097797235784 -122.31128938854532 -94.174039889357971 -133.85591726073324 -125.37405155055839 -113.53687280067948 -127.07483085022577 -128.03491679892005 -118.66030957105502 -123.05654164204738 0 -116.3329550843402 -116.15959241672357 -126.50019759968107 -129.64962473948836 -132.30010486783209 -95.918716573962442 -89.367264466773833 -77.560759472825467 -126.46709524492535 -129.96086316445692 -126.96505928600837 -128.93045615122585 -132.73003772241498 -121.1111267132401 -128.41930738388467 -126.5748652598033 -113.8507304535963 -118.2282023872733 -132.34477580507823 -122.56419153642862 -121.59672870024325
 -119.92543638142577 -123.80977349369785 -122.91747481804275 -116.42480731219052 -124.43794858162251 -123.97191752226119 -123.38991911340291 -115.51658693392874 -123.83485699760902 -119.02476440714376 -109.64691319755659 -114.52880961424367 -119.90368358847243 -123.79106281643398 -122.85441644952819 -115.491856015287 -112.64396210905497 -120.49941910817655 -91.838405334962872 -125.58751497052759 -115.38121030987423 -126.61469938258972 -118.04456245009436 -97.779586388159743 -116.18903601142458 -123.79935044545148 -121.463998683277 -103.45357350911199 -116.3329550843402 0 -85.976857922318615 -116.15516361065316 -121.0792884376764 -127.59072814210812 -118.02318066356082 -117.16860930323104 -118.10388494547783 -118.88092393409045 -120.56074804269038 -118.03315480360507 -117.85984150928319 -127.62899961358144 -96.652639793917331 -116.9209698209952 -113.57581067461145 -110.06897968443673 -115.09468753893469 -125.48093656254413 -111.71395661946742 -99.319708263376683
 -122.19237101999197 -124.11941974793778 -124.41754539365817 -119.200427782124 -122.51202063728206 -124.39369110729659 -121.70409083130984 -116.332347031594 -125.05013067694235 -119.02562728199722 -109.13136124990528 -111.64155883959744 -122.01484010411603 -124.71667988565645 -123.27981489212949 -112.00811121082359 -110.60031083142027 -122.24776800602812 -86.235019691623961 -126.88780328590492 -116.08686031807913 -127.579709727992 -120.57165129814243 -103.78401530369376 -118.4898668432959 -121.8224433339158 -119.3388296668342 -104.4883796328168 -116.15959241672357 -85.976857922318615 0 -114.12757068094437 -119.81468049270893 -126.24373762840517 -117.06236660319342 -117.56348742529929 -117.9217388260108 -121.25838245164124 -119.74940421173068 -115.93757756791851 -119.21299971067103 -126.38025520445468 -98.370505209522307 -118.39561595350335 -112.77666601046508 -113.26560820193468 -117.80326647015538 -124.48347923260422 -115.23761742461862 -103.9028641026409
 -129.31243813600497 -118.85625688338141 -126.16316575245537 -126.91252871821948 -122.62482559171603 -119.92000347272923 -125.38577797132294 -127.17086774372066 -125.37467658969061 -128.19363657481392 -104.7384141976809 -91.042430914168392 -129.87560043956896 -123.3459680893564 -118.62088358661643 -109.81878434128362 -88.919072782328826 -124.75425987121235 -111.23581679840819 -133.53085151149531 -126.99708431430285 -127.05924600866675 -127.08427172771964 -121.32456512103107 -122.72743366327441 -113.27637260103255 -122.34959681925177 -110.45720905255732 -126.50019759968107 -116.15516361065316 -114.12757068094437 0 -98.456327619188556 -115.95617189269244 -126.00863264181504 -127.6567377599841 -127.41560267158259 -127.04275068273959 -103.46015834757779 -84.816280221756671 -119.33567772801848 -115.42550702207365 -111.70759055840895 -119.04679010696272 -100.85241775026495 -125.38574868493164 -127.42482530541554 -110.7021897943699 -123.9583009108769 -115.56170901858658
 -131.25694588483054 -116.76500569067792 -126.80980274056232 -129.04150090180923 -125.3900722682245 -118.20960961858825 -128.30887926885862 -130.15522062274906 -125.55631197918926 -131.07319180708024 -110.72262858868204 -106.50901408248491 -131.99059720280235 -122.97532719455752 -117.0666793761706 -116.24028048366051 -104.49811684936341 -125.75602543340425 -117.56073022996887 -135.4212938264638 -130.01863573203374 -126.76321524347856 -128.9594487849634 -125.05695983881354 -124.40750413572901 -115.22362896575254 -125.70113281459362 -115.65126929411504 -129.64962473948836 -121.0792884376764 -119.81468049270893 -98.456327619188556 0 -113.20990849843305 -129.22751049946203 -130.59797094572713 -130.41897546726497 -128.7585904018886 -93.821082935803503 -98.646787563847994 -120.23919823547962 -111.31745179371788 -117.22226440444022 -120.20615611058477 -106.09646746552843 -128.34411299712133 -129.91538601387185 -99.477747991624597 -126.43090778831713 -119.69651326595041
 -135.8972605252506 -126.69894184086614 -133.34198934934741 -134.31321297945544 -123.10449572853165 -127.58331126498237 -127.9658237113058 -133.34549917458378 -132.49001138769748 -133.47969417695174 -123.18814403008064 -116.5150375639048 -136.17443744154792 -130.73842131991302 -127.0406372394512 -118.85738206431034 -119.27908080075179 -132.58876596533608 -125.29022011400592 -138.60702767983071 -133.16892217792736 -133.23221211185796 -134.43606579019308 -130.43075679193396 -131.55348126493396 -107.77069630432486 -125.35021573118472 -125.46410957061441 -132.30010486783209 -127.59072814210812 -126.24373762840517 -115.95617189269244 -113.20990849843305 0 -131.21926193052497 -133.42932044278811 -132.83349975354619 -134.39161908532157 -117.93536378517342 -113.0863414561795 -129.09861947426685 -85.444235883455292 -125.90490059961799 -129.05388126080541 -121.49421814628022 -132.97020400312928 -134.46519568653261 -110.01487495154888 -132.44870159521264 -127.78217122745524
 -126.82703382857346 -132.98166215792281 -132.34632730980167 -126.10715390005923 -119.97951418668072 -133.15309585845625 -112.20882096062054 -108.19246843492277 -133.10040495116698 -100.35731513380949 -125.45355071181054 -123.81901077376438 -124.76495733707628 -133.18447862223343 -132.4889471110026 -119.61623264531896 -125.09295196148879 -130.96722109043196 -119.72278436983318 -125.71539529473179 -107.06890997353716 -134.82456506820276 -127.75659103488587 -117.0563570557473 -128.69985329925368 -126.35682333814107 -113.91207692848747 -123.92031014336763 -95.918716573962442 -118.02318066356082 -117.06236660319342 -126.00863264181504 -129.22751049946203 -131.21926193052497 0 -104.76530295154843 -95.749356704424571 -128.64871777497953 -129.85292294362424 -126.22434475490795 -129.97901747776154 -131.79809935508879 -122.10993362177165 -129.51394036026286 -126.76765268130075 -118.48682685148773 -122.14736766345001 -131.85487131595539 -125.07007262612669 -123.09288622084038
